0.24357034795763993, 0.24357034795763993, 0.24357034795763993, 0.01664145234493192, 0.09001512859304085, 0.09001512859304085, 0.09001512859304085, 0.02042360060514372, 0.24357034795763993, 0.24357034795763993, 0.0007564296520423601, 0.0015128593040847202, 0.25642965204236007, 0.25642965204236007, 0.25642965204236007, 0.25642965204236007, 
0.07645722937168811, 0.021196063588190765, 0.2808478425435276, 0.2808478425435276, 0.021196063588190765, 0.2331566994700984, 0.2331566994700984, 0.2331566994700984, 0.2331566994700984, 0.0174110522331567, 0.07872823618470856, 0.01514004542013626, 0.03406510219530658, 0.015897047691143074, 0.07872823618470856, 0.07872823618470856, 
0.012112036336109008, 0.011355034065102196, 0.24148372445117336, 0.24148372445117336, 0.016654049962149888, 0.28690386071158214, 0.28690386071158214, 0.28690386071158214, 0.28690386071158214, 0.025738077214231644, 0.10673732021196064, 0.10673732021196064, 0.001514004542013626, 0.003785011355034065, 0.10673732021196064, 0.10673732021196064, 
0.02047005307050796, 0.244882486732373, 0.244882486732373, 0.244882486732373, 0.244882486732373, 0.022744503411675512, 0.10917361637604246, 0.10917361637604246, 0.10917361637604246, 0.00530705079605762, 0.10917361637604246, 0.018953752843062926, 0.244882486732373, 0.01819560272934041, 0.19257012888551933, 0.02047005307050796, 
0.003787878787878788, 0.025, 0.2606060606060606, 0.2606060606060606, 0.2606060606060606, 0.2606060606060606, 0.2606060606060606, 0.2606060606060606, 0.2606060606060606, 0.2606060606060606, 0.01818181818181818, 0.015151515151515152, 0.2606060606060606, 0.2606060606060606, 0.2606060606060606, 0.2606060606060606, 
0.015897047691143074, 0.010598031794095382, 0.13701741105223317, 0.015897047691143074, 0.015897047691143074, 0.02195306585919758, 0.06661619984859955, 0.06661619984859955, 0.06661619984859955, 0.004542013626040878, 0.2664647993943982, 0.2664647993943982, 0.2664647993943982, 0.2664647993943982, 0.026495079485238455, 0.018925056775170326, 
0.015174506828528073, 0.09104704097116843, 0.007587253414264037, 0.014415781487101669, 0.021244309559939303, 0.19802731411229135, 0.0204855842185129, 0.005311077389984826, 0.002276176024279211, 0.014415781487101669, 0.02276176024279211, 0.2496206373292868, 0.2496206373292868, 0.2496206373292868, 0.2496206373292868, 0.004552352048558422, 
0.006056018168054504, 0.336109008327025, 0.02498107494322483, 0.013626040878122634, 0.336109008327025, 0.336109008327025, 0.336109008327025, 0.02195306585919758, 0.19606358819076458, 0.19606358819076458, 0.19606358819076458, 0.021196063588190765, 0.001514004542013626, 0.025738077214231644, 0.025738077214231644, 0.025738077214231644, 
0.021196063588190765, 0.30507191521574567, 0.30507191521574567, 0.30507191521574567, 0.30507191521574567, 0.30507191521574567, 0.30507191521574567, 0.30507191521574567, 0.30507191521574567, 0.015897047691143074, 0.013626040878122634, 0.001514004542013626, 0.02043906131718395, 0.30507191521574567, 0.30507191521574567, 0.30507191521574567, 
0.02725208175624527, 0.21196063588190764, 0.02195306585919758, 0.001514004542013626, 0.006813020439061317, 0.10598031794095382, 0.10598031794095382, 0.10598031794095382, 0.10598031794095382, 0.015897047691143074, 0.21196063588190764, 0.02195306585919758, 0.01514004542013626, 0.21196063588190764, 0.01968205904617714, 0.015897047691143074, 
0.016654049962149888, 0.186222558667676, 0.186222558667676, 0.186222558667676, 0.01514004542013626, 0.07948523845571537, 0.07948523845571537, 0.07948523845571537, 0.07948523845571537, 0.07948523845571537, 0.01968205904617714, 0.186222558667676, 0.186222558667676, 0.186222558667676, 0.023467070401211203, 0.20514761544284632, 
0.028766086298258896, 0.000757002271006813, 0.016654049962149888, 0.2808478425435276, 0.015897047691143074, 0.008327024981074944, 0.2808478425435276, 0.001514004542013626, 0.000757002271006813, 0.016654049962149888, 0.2808478425435276, 0.028766086298258896, 0.024224072672218017, 0.2808478425435276, 0.2808478425435276, 0.029523088569265707, 
0.004555808656036446, 0.275626423690205, 0.016704631738800303, 0.012148823082763858, 0.018982536066818528, 0.24677296886864086, 0.025816249050873197, 0.275626423690205, 0.025816249050873197, 0.24677296886864086, 0.24677296886864086, 0.24677296886864086, 0.24677296886864086, 0.012148823082763858, 0.07441154138192863, 0.018982536066818528, 
0.24072672218016655, 0.02195306585919758, 0.27403482210446634, 0.27403482210446634, 0.01514004542013626, 0.003028009084027252, 0.09084027252081757, 0.09084027252081757, 0.006813020439061317, 0.01514004542013626, 0.015897047691143074, 0.27403482210446634, 0.27403482210446634, 0.27403482210446634, 0.012112036336109008, 0.011355034065102196, 
0.02507598784194529, 0.22112462006079028, 0.22112462006079028, 0.02507598784194529, 0.28799392097264437, 0.28799392097264437, 0.28799392097264437, 0.011398176291793313, 0.09346504559270517, 0.007598784194528876, 0.09346504559270517, 0.09346504559270517, 0.09346504559270517, 0.014437689969604863, 0.28799392097264437, 0.28799392097264437, 
0.24109173616376042, 0.24109173616376042, 0.019711902956785442, 0.21531463229719486, 0.21531463229719486, 0.21531463229719486, 0.21531463229719486, 0.017437452615617893, 0.07884761182714177, 0.07884761182714177, 0.01288855193328279, 0.009855951478392721, 0.07884761182714177, 0.014404852160727824, 0.21531463229719486, 0.21531463229719486, 
0.0038109756097560975, 0.010670731707317074, 0.2690548780487805, 0.028201219512195123, 0.020579268292682928, 0.018292682926829267, 0.2507621951219512, 0.2507621951219512, 0.2507621951219512, 0.2507621951219512, 0.2507621951219512, 0.01753048780487805, 0.10442073170731707, 0.018292682926829267, 0.2507621951219512, 0.01600609756097561, 
0.2532221379833207, 0.2532221379833207, 0.02122820318423048, 0.25549658832448824, 0.011372251705837756, 0.07202426080363912, 0.07202426080363912, 0.07202426080363912, 0.012130401819560273, 0.015163002274450341, 0.07202426080363912, 0.01819560272934041, 0.25549658832448824, 0.25549658832448824, 0.25549658832448824, 0.25549658832448824, 
0.01749049429657795, 0.022053231939163497, 0.02585551330798479, 0.2600760456273764, 0.2600760456273764, 0.2600760456273764, 0.2600760456273764, 0.2600760456273764, 0.2600760456273764, 0.2600760456273764, 0.2600760456273764, 0.2600760456273764, 0.2600760456273764, 0.2600760456273764, 0.2600760456273764, 0.0038022813688212928, 
0.010630220197418374, 0.01442672741078208, 0.1791951404707669, 0.023538344722854973, 0.22247532270311313, 0.22247532270311313, 0.22247532270311313, 0.22247532270311313, 0.015945330296127564, 0.1556567957479119, 0.1556567957479119, 0.1556567957479119, 0.1556567957479119, 0.1556567957479119, 0.1556567957479119, 0.1556567957479119, 
