0.25642965204236007, 0.25642965204236007, 0.25642965204236007, 0.0015128593040847202, 0.02042360060514372, 0.24357034795763993, 0.01664145234493192, 0.09001512859304085, 0.006051437216338881, 0.00832072617246596, 0.09001512859304085, 0.09001512859304085, 0.09001512859304085, 0.09001512859304085, 0.09001512859304085, 0.09001512859304085, 0.09001512859304085, 0.02042360060514372, 0.24357034795763993, 0.0264750378214826, 0.0015128593040847202, 
0.07645722937168811, 0.07645722937168811, 0.018168054504163512, 0.021196063588190765, 0.0174110522331567, 0.005299015897047691, 0.015897047691143074, 0.2331566994700984, 0.2331566994700984, 0.2331566994700984, 0.2331566994700984, 0.2331566994700984, 0.2331566994700984, 0.2331566994700984, 0.2331566994700984, 0.2331566994700984, 0.2331566994700984, 0.2331566994700984, 0.2331566994700984, 0.2331566994700984, 0.2331566994700984, 
0.05147615442846329, 0.013626040878122634, 0.004542013626040878, 0.005299015897047691, 0.24148372445117336, 0.24148372445117336, 0.24148372445117336, 0.016654049962149888, 0.28690386071158214, 0.28690386071158214, 0.28690386071158214, 0.28690386071158214, 0.28690386071158214, 0.28690386071158214, 0.28690386071158214, 0.28690386071158214, 0.01514004542013626, 0.006813020439061317, 0.003785011355034065, 0.10673732021196064, 0.025738077214231644, 
0.10917361637604246, 0.10917361637604246, 0.02577710386656558, 0.244882486732373, 0.244882486732373, 0.021986353297952996, 0.19257012888551933, 0.19257012888551933, 0.19257012888551933, 0.19257012888551933, 0.19257012888551933, 0.19257012888551933, 0.19257012888551933, 0.19257012888551933, 0.01061410159211524, 0.009855951478392721, 0.001516300227445034, 0.19257012888551933, 0.015163002274450341, 0.244882486732373, 0.244882486732373, 
0.017424242424242425, 0.014393939393939395, 0.008333333333333333, 0.021212121212121213, 0.2606060606060606, 0.014393939393939395, 0.05303030303030303, 0.05303030303030303, 0.05303030303030303, 0.05303030303030303, 0.05303030303030303, 0.0015151515151515152, 0.015151515151515152, 0.2606060606060606, 0.2606060606060606, 0.2606060606060606, 0.021212121212121213, 0.26590909090909093, 0.26590909090909093, 0.26590909090909093, 0.26590909090909093, 
0.13701741105223317, 0.014383043149129448, 0.2664647993943982, 0.015897047691143074, 0.20136260408781226, 0.20136260408781226, 0.20136260408781226, 0.20136260408781226, 0.20136260408781226, 0.20136260408781226, 0.02195306585919758, 0.06661619984859955, 0.06661619984859955, 0.06661619984859955, 0.06661619984859955, 0.01968205904617714, 0.20136260408781226, 0.018168054504163512, 0.2664647993943982, 0.2664647993943982, 0.01514004542013626, 
0.0015174506828528073, 0.19802731411229135, 0.19802731411229135, 0.0204855842185129, 0.07663125948406677, 0.07663125948406677, 0.07663125948406677, 0.07663125948406677, 0.07663125948406677, 0.005311077389984826, 0.03945371775417299, 0.03945371775417299, 0.03945371775417299, 0.03945371775417299, 0.03945371775417299, 0.03945371775417299, 0.03945371775417299, 0.03945371775417299, 0.03945371775417299, 0.03945371775417299, 0.03945371775417299, 
0.19606358819076458, 0.19606358819076458, 0.19606358819076458, 0.19606358819076458, 0.000757002271006813, 0.002271006813020439, 0.19606358819076458, 0.19606358819076458, 0.031037093111279335, 0.004542013626040878, 0.02195306585919758, 0.018168054504163512, 0.336109008327025, 0.024224072672218017, 0.19606358819076458, 0.19606358819076458, 0.19606358819076458, 0.19606358819076458, 0.031037093111279335, 0.02195306585919758, 0.012112036336109008, 
0.022710068130204392, 0.00984102952308857, 0.013626040878122634, 0.30507191521574567, 0.024224072672218017, 0.19454958364875094, 0.19454958364875094, 0.19454958364875094, 0.19454958364875094, 0.19454958364875094, 0.19454958364875094, 0.19454958364875094, 0.00757002271006813, 0.003785011355034065, 0.006813020439061317, 0.004542013626040878, 0.014383043149129448, 0.19454958364875094, 0.19454958364875094, 0.021196063588190765, 0.30507191521574567, 
0.005299015897047691, 0.08402725208175625, 0.018925056775170326, 0.2573807721423164, 0.02725208175624527, 0.21196063588190764, 0.21196063588190764, 0.21196063588190764, 0.21196063588190764, 0.21196063588190764, 0.21196063588190764, 0.21196063588190764, 0.21196063588190764, 0.018925056775170326, 0.10598031794095382, 0.001514004542013626, 0.01514004542013626, 0.21196063588190764, 0.21196063588190764, 0.022710068130204392, 0.2573807721423164, 
0.016654049962149888, 0.186222558667676, 0.186222558667676, 0.186222558667676, 0.023467070401211203, 0.20514761544284632, 0.20514761544284632, 0.20514761544284632, 0.20514761544284632, 0.20514761544284632, 0.20514761544284632, 0.20514761544284632, 0.20514761544284632, 0.20514761544284632, 0.20514761544284632, 0.029523088569265707, 0.13096139288417866, 0.13096139288417866, 0.13096139288417866, 0.13096139288417866, 0.13096139288417866, 
0.2808478425435276, 0.2808478425435276, 0.2808478425435276, 0.2808478425435276, 0.028766086298258896, 0.23618470855412566, 0.024224072672218017, 0.2808478425435276, 0.2808478425435276, 0.2808478425435276, 0.2808478425435276, 0.2808478425435276, 0.2808478425435276, 0.2808478425435276, 0.2808478425435276, 0.006813020439061317, 0.008327024981074944, 0.2808478425435276, 0.001514004542013626, 0.003028009084027252, 0.23618470855412566, 
0.275626423690205, 0.275626423690205, 0.275626423690205, 0.275626423690205, 0.006074411541381929, 0.0030372057706909645, 0.275626423690205, 0.275626423690205, 0.275626423690205, 0.275626423690205, 0.016704631738800303, 0.24677296886864086, 0.24677296886864086, 0.24677296886864086, 0.24677296886864086, 0.012148823082763858, 0.07441154138192863, 0.07441154138192863, 0.018982536066818528, 0.24677296886864086, 0.24677296886864086, 
0.004542013626040878, 0.06888720666161999, 0.016654049962149888, 0.24072672218016655, 0.24072672218016655, 0.24072672218016655, 0.24072672218016655, 0.24072672218016655, 0.02195306585919758, 0.27403482210446634, 0.27403482210446634, 0.27403482210446634, 0.27403482210446634, 0.27403482210446634, 0.27403482210446634, 0.006056018168054504, 0.009084027252081756, 0.27403482210446634, 0.27403482210446634, 0.27403482210446634, 0.27403482210446634, 
0.012917933130699088, 0.014437689969604863, 0.28799392097264437, 0.020516717325227963, 0.22112462006079028, 0.22112462006079028, 0.22112462006079028, 0.22112462006079028, 0.22112462006079028, 0.22112462006079028, 0.22112462006079028, 0.22112462006079028, 0.22112462006079028, 0.22112462006079028, 0.0182370820668693, 0.06231003039513678, 0.06231003039513678, 0.06231003039513678, 0.02507598784194529, 0.22112462006079028, 0.22112462006079028, 
0.14480667172100076, 0.14480667172100076, 0.14480667172100076, 0.014404852160727824, 0.24109173616376042, 0.24109173616376042, 0.24109173616376042, 0.01592115238817286, 0.21531463229719486, 0.21531463229719486, 0.21531463229719486, 0.21531463229719486, 0.21531463229719486, 0.21531463229719486, 0.21531463229719486, 0.21531463229719486, 0.21531463229719486, 0.21531463229719486, 0.013646702047005308, 0.009855951478392721, 0.000758150113722517, 
0.004573170731707317, 0.04954268292682927, 0.04954268292682927, 0.010670731707317074, 0.2690548780487805, 0.018292682926829267, 0.2507621951219512, 0.2507621951219512, 0.2507621951219512, 0.2507621951219512, 0.01600609756097561, 0.10442073170731707, 0.10442073170731707, 0.004573170731707317, 0.10442073170731707, 0.10442073170731707, 0.012195121951219513, 0.2507621951219512, 0.2507621951219512, 0.020579268292682928, 0.2690548780487805, 
0.015163002274450341, 0.07202426080363912, 0.07202426080363912, 0.01819560272934041, 0.25549658832448824, 0.022744503411675512, 0.2532221379833207, 0.2532221379833207, 0.2532221379833207, 0.2532221379833207, 0.2532221379833207, 0.2532221379833207, 0.2532221379833207, 0.019711902956785442, 0.08946171341925702, 0.08946171341925702, 0.08946171341925702, 0.02047005307050796, 0.2532221379833207, 0.016679302501895376, 0.25549658832448824, 
0.06920152091254753, 0.022053231939163497, 0.21825095057034222, 0.02129277566539924, 0.2600760456273764, 0.2600760456273764, 0.2600760456273764, 0.2600760456273764, 0.2600760456273764, 0.2600760456273764, 0.2600760456273764, 0.2600760456273764, 0.2600760456273764, 0.01064638783269962, 0.09733840304182509, 0.09733840304182509, 0.09733840304182509, 0.011406844106463879, 0.09733840304182509, 0.09733840304182509, 0.018250950570342206, 
0.22247532270311313, 0.22247532270311313, 0.012908124525436599, 0.010630220197418374, 0.22247532270311313, 0.22247532270311313, 0.22247532270311313, 0.22247532270311313, 0.22247532270311313, 0.22247532270311313, 0.22247532270311313, 0.22247532270311313, 0.22247532270311313, 0.22247532270311313, 0.22247532270311313, 0.22247532270311313, 0.016704631738800303, 0.1791951404707669, 0.002277904328018223, 0.0007593014426727411, 0.01442672741078208, 
