0.018713955945992577, 0.008257412737949634, 0.017482986021780184, 0.01315312163190591, 0.016681965177562687, 0.03620214698049149, 0.015039438473439738, 0.03620214698049149, 0.017327736987030166, 0.01315312163190591, 0.01315312163190591, 0.016308402267685197, 0.008257412737949634, 0.008257412737949634, 
0.016459082989565544, 0.00952117764699304, 0.00952117764699304, 0.00952117764699304, 0.01668907238037262, 0.012202289299271852, 0.012202289299271852, 0.01855649102642634, 0.00952117764699304, 0.00952117764699304, 0.00952117764699304, 0.0169252199046916, 0.016086150202862252, 0.009405399885647238, 
0.017184225531404935, 0.015960948701614817, 0.009726486059866205, 0.009726486059866205, 0.017409622756330963, 0.0331051058976846, 0.012925117232379206, 0.011384588109135134, 0.015050823362518798, 0.009726486059866205, 0.009726486059866205, 0.009726486059866205, 0.01669459346308696, 0.010458372867497559, 
0.07441363066854405, 0.016658260631813644, 0.02388883454296787, 0.02388883454296787, 0.016345494918786833, 0.012560829482319033, 0.016536362370787566, 0.03140729221611557, 0.03140729221611557, 0.017367148064331976, 0.012560829482319033, 0.016672462141758698, 0.017118041435494086, 0.01543395866041301, 
0.010466295877245662, 0.038051815240815384, 0.021282165945595437, 0.01336734338584649, 0.01336734338584649, 0.01336734338584649, 0.01336734338584649, 0.01336734338584649, 0.019025273454290965, 0.03501895078908092, 0.03501895078908092, 0.0174228118644797, 0.01336734338584649, 0.01336734338584649, 
0.028815158522648814, 0.017529692044144875, 0.016459082989565544, 0.018146297242485825, 0.009033570166419274, 0.01836498964390468, 0.028815158522648814, 0.028815158522648814, 0.018146297242485825, 0.009033570166419274, 0.009033570166419274, 0.009033570166419274, 0.009033570166419274, 0.010458372867497559, 
0.02456581282463162, 0.017934488549738465, 0.017223339853555328, 0.02456581282463162, 0.016606007916424505, 0.045511223205774706, 0.0031064829758893023, 0.019054143368485637, 0.045511223205774706, 0.045511223205774706, 0.045511223205774706, 0.045511223205774706, 0.01048217796507153, 0.045511223205774706, 
0.018358207949900028, 0.014637327568888029, 0.024322207422804328, 0.019510185493048705, 0.010458372867497559, 0.012202289299271852, 0.03541261843457601, 0.03541261843457601, 0.03541261843457601, 0.016790847674427137, 0.057694175022475154, 0.018987549372895245, 0.03541261843457601, 0.011286479862776685, 
0.039232039015283104, 0.005149428284121356, 0.1057826244043225, 0.1057826244043225, 0.016539141618514417, 0.03547058296445597, 0.03547058296445597, 0.03547058296445597, 0.03547058296445597, 0.03547058296445597, 0.01600915476133014, 0.1057826244043225, 0.1057826244043225, 0.1057826244043225, 
0.016292302821500633, 0.018442986795682296, 0.018442986795682296, 0.018442986795682296, 0.018442986795682296, 0.018442986795682296, 0.018442986795682296, 0.018442986795682296, 0.016511326243049813, 0.017340854123280756, 0.01600915476133014, 0.06109190709928431, 0.06109190709928431, 0.018146297242485825, 
0.016459082989565544, 0.017315561664252986, 0.02161445854903175, 0.02161445854903175, 0.02161445854903175, 0.02161445854903175, 0.02161445854903175, 0.02161445854903175, 0.02161445854903175, 0.02161445854903175, 0.01600915476133014, 0.017409622756330963, 0.012202289299271852, 0.08648131937054741, 
0.008200000608939318, 0.02071191863087033, 0.05270309463287921, 0.05270309463287921, 0.0182282029421035, 0.02071191863087033, 0.05270309463287921, 0.05270309463287921, 0.015797365506241254, 0.05270309463287921, 0.017316792794998325, 0.010458372867497559, 0.07384854402876818, 0.07384854402876818, 
0.0068239915115125074, 0.04913820885210443, 0.017393521865492693, 0.01876967114351656, 0.009433966020455582, 0.019016258428066337, 0.019016258428066337, 0.009433966020455582, 0.05902679218586444, 0.018334023434676983, 0.019016258428066337, 0.01789446024224612, 0.02147205582507946, 0.02147205582507946, 
0.016731310756517796, 0.004605735677918238, 0.012202289299271852, 0.041383759496847854, 0.017409622756330963, 0.04640353887351922, 0.04640353887351922, 0.008200000608939318, 0.01668907238037262, 0.004605735677918238, 0.004605735677918238, 0.004605735677918238, 0.004605735677918238, 0.004605735677918238, 
0.01829730289721188, 0.019869527578688897, 0.019869527578688897, 0.017157064326304483, 0.019240357677798053, 0.0167104692743007, 0.016559113073950985, 0.019240357677798053, 0.019240357677798053, 0.01576298310101698, 0.019869527578688897, 0.017534915276494718, 0.05875293701288147, 0.016467713129078153, 
0.05164891151804237, 0.016658260631813644, 0.01663361116971232, 0.017257154792419557, 0.030811705529909934, 0.030811705529909934, 0.016430258133333472, 0.05465299983186831, 0.01703551878673194, 0.015073644929406618, 0.05465299983186831, 0.05465299983186831, 0.05465299983186831, 0.05465299983186831, 
0.038501980034418945, 0.010530114754545941, 0.019001607472268846, 0.04142997071115869, 0.018405500948299437, 0.038501980034418945, 0.018353087357264354, 0.026420434185537245, 0.026420434185537245, 0.026420434185537245, 0.026420434185537245, 0.026420434185537245, 0.019259209328785463, 0.08338075791298377, 
0.016658260631813644, 0.016672462141758698, 0.026919252294683456, 0.016536362370787566, 0.008584623396268077, 0.008584623396268077, 0.016430258133333472, 0.056236407742107766, 0.056236407742107766, 0.016345494918786833, 0.008584623396268077, 0.008584623396268077, 0.008584623396268077, 0.008584623396268077, 
0.022995032694902027, 0.0179216761513598, 0.02262957485205578, 0.02262957485205578, 0.02262957485205578, 0.02262957485205578, 0.017002445242659776, 0.022995032694902027, 0.022995032694902027, 0.018641159426546917, 0.01797540373274167, 0.06746983962864866, 0.012257965143983359, 0.011436532997846017, 
0.015470023733102344, 0.01658937439488044, 0.025642975777675693, 0.017939515272174487, 0.027598653045029457, 0.027598653045029457, 0.016278838807000786, 0.06311339951569757, 0.06311339951569757, 0.016057777858555135, 0.027598653045029457, 0.027598653045029457, 0.0180892627401124, 0.025642975777675693, 
