0.24357034795763993, 0.019667170953101363, 0.25642965204236007, 0.25642965204236007, 0.25642965204236007, 0.018154311649016642, 0.07488653555219364, 0.00832072617246596, 0.015128593040847202, 0.018910741301059002, 0.25642965204236007, 0.25642965204236007, 0.25642965204236007, 0.02118003025718608, 0.24357034795763993, 0.24357034795763993, 0.014372163388804841, 0.006051437216338881, 
0.2808478425435276, 0.2808478425435276, 0.015897047691143074, 0.07645722937168811, 0.018168054504163512, 0.2808478425435276, 0.2808478425435276, 0.2808478425435276, 0.2808478425435276, 0.2808478425435276, 0.2808478425435276, 0.2808478425435276, 0.2808478425435276, 0.016654049962149888, 0.0174110522331567, 0.07872823618470856, 0.005299015897047691, 0.07872823618470856, 
0.28690386071158214, 0.28690386071158214, 0.01514004542013626, 0.10673732021196064, 0.00984102952308857, 0.28690386071158214, 0.28690386071158214, 0.28690386071158214, 0.28690386071158214, 0.28690386071158214, 0.28690386071158214, 0.28690386071158214, 0.28690386071158214, 0.011355034065102196, 0.24148372445117336, 0.008327024981074944, 0.005299015897047691, 0.012112036336109008, 
0.000758150113722517, 0.244882486732373, 0.244882486732373, 0.244882486732373, 0.244882486732373, 0.244882486732373, 0.244882486732373, 0.244882486732373, 0.016679302501895376, 0.02577710386656558, 0.244882486732373, 0.01819560272934041, 0.001516300227445034, 0.19257012888551933, 0.19257012888551933, 0.19257012888551933, 0.19257012888551933, 0.19257012888551933, 
0.024242424242424242, 0.26590909090909093, 0.26590909090909093, 0.26590909090909093, 0.26590909090909093, 0.26590909090909093, 0.26590909090909093, 0.26590909090909093, 0.0007575757575757576, 0.014393939393939395, 0.09848484848484848, 0.00909090909090909, 0.09848484848484848, 0.015909090909090907, 0.025, 0.2606060606060606, 0.2606060606060606, 0.01818181818181818, 
0.2664647993943982, 0.015897047691143074, 0.20136260408781226, 0.20136260408781226, 0.20136260408781226, 0.20136260408781226, 0.20136260408781226, 0.20136260408781226, 0.20136260408781226, 0.20136260408781226, 0.013626040878122634, 0.06661619984859955, 0.01968205904617714, 0.20136260408781226, 0.018925056775170326, 0.2664647993943982, 0.2664647993943982, 0.003028009084027252, 
0.015174506828528073, 0.004552352048558422, 0.015174506828528073, 0.09104704097116843, 0.014415781487101669, 0.2496206373292868, 0.2496206373292868, 0.2496206373292868, 0.2496206373292868, 0.2496206373292868, 0.004552352048558422, 0.2496206373292868, 0.2496206373292868, 0.2496206373292868, 0.022003034901365705, 0.19802731411229135, 0.19802731411229135, 0.0204855842185129, 
0.012112036336109008, 0.025738077214231644, 0.015897047691143074, 0.19606358819076458, 0.19606358819076458, 0.19606358819076458, 0.031037093111279335, 0.012112036336109008, 0.00757002271006813, 0.0757002271006813, 0.014383043149129448, 0.00984102952308857, 0.0757002271006813, 0.0757002271006813, 0.013626040878122634, 0.336109008327025, 0.336109008327025, 0.336109008327025, 
0.19454958364875094, 0.19454958364875094, 0.00757002271006813, 0.014383043149129448, 0.02043906131718395, 0.015897047691143074, 0.05147615442846329, 0.002271006813020439, 0.024224072672218017, 0.19454958364875094, 0.19454958364875094, 0.19454958364875094, 0.19454958364875094, 0.19454958364875094, 0.19454958364875094, 0.19454958364875094, 0.19454958364875094, 0.19454958364875094, 
0.2573807721423164, 0.02725208175624527, 0.21196063588190764, 0.002271006813020439, 0.21196063588190764, 0.21196063588190764, 0.21196063588190764, 0.022710068130204392, 0.2573807721423164, 0.018925056775170326, 0.012112036336109008, 0.012112036336109008, 0.2573807721423164, 0.2573807721423164, 0.2573807721423164, 0.2573807721423164, 0.2573807721423164, 0.2573807721423164, 
0.186222558667676, 0.0174110522331567, 0.016654049962149888, 0.186222558667676, 0.186222558667676, 0.186222558667676, 0.186222558667676, 0.186222558667676, 0.186222558667676, 0.186222558667676, 0.02498107494322483, 0.20514761544284632, 0.20514761544284632, 0.029523088569265707, 0.13096139288417866, 0.13096139288417866, 0.13096139288417866, 0.01514004542013626, 
0.2808478425435276, 0.2808478425435276, 0.003028009084027252, 0.2808478425435276, 0.2808478425435276, 0.2808478425435276, 0.2808478425435276, 0.2808478425435276, 0.003028009084027252, 0.004542013626040878, 0.012869038607115822, 0.006813020439061317, 0.011355034065102196, 0.09689629068887207, 0.012869038607115822, 0.23618470855412566, 0.23618470855412566, 0.024224072672218017, 
0.018982536066818528, 0.24677296886864086, 0.024297646165527716, 0.015186028853454821, 0.017463933181473046, 0.006074411541381929, 0.009870918754745633, 0.02126044039483675, 0.017463933181473046, 0.275626423690205, 0.275626423690205, 0.275626423690205, 0.275626423690205, 0.016704631738800303, 0.24677296886864086, 0.24677296886864086, 0.24677296886864086, 0.012148823082763858, 
0.012112036336109008, 0.24072672218016655, 0.018925056775170326, 0.018168054504163512, 0.02195306585919758, 0.27403482210446634, 0.018168054504163512, 0.24072672218016655, 0.24072672218016655, 0.009084027252081756, 0.016654049962149888, 0.24072672218016655, 0.018925056775170326, 0.003785011355034065, 0.27403482210446634, 0.01514004542013626, 0.00984102952308857, 0.003028009084027252, 
0.22112462006079028, 0.22112462006079028, 0.22112462006079028, 0.22112462006079028, 0.22112462006079028, 0.22112462006079028, 0.0182370820668693, 0.0121580547112462, 0.22112462006079028, 0.22112462006079028, 0.02507598784194529, 0.28799392097264437, 0.017477203647416412, 0.007598784194528876, 0.0182370820668693, 0.28799392097264437, 0.019756838905775075, 0.22112462006079028, 
0.009855951478392721, 0.014404852160727824, 0.21531463229719486, 0.21531463229719486, 0.02122820318423048, 0.24109173616376042, 0.24109173616376042, 0.24109173616376042, 0.24109173616376042, 0.018953752843062926, 0.14480667172100076, 0.14480667172100076, 0.14480667172100076, 0.14480667172100076, 0.015163002274450341, 0.24109173616376042, 0.24109173616376042, 0.24109173616376042, 
0.2507621951219512, 0.2507621951219512, 0.019817073170731708, 0.006097560975609756, 0.003048780487804878, 0.01753048780487805, 0.10442073170731707, 0.012195121951219513, 0.2507621951219512, 0.2507621951219512, 0.2507621951219512, 0.2507621951219512, 0.2507621951219512, 0.2507621951219512, 0.2507621951219512, 0.01753048780487805, 0.004573170731707317, 0.10442073170731707, 
0.00530705079605762, 0.25549658832448824, 0.25549658832448824, 0.022744503411675512, 0.019711902956785442, 0.08946171341925702, 0.08946171341925702, 0.02047005307050796, 0.2532221379833207, 0.2532221379833207, 0.2532221379833207, 0.02122820318423048, 0.25549658832448824, 0.25549658832448824, 0.25549658832448824, 0.25549658832448824, 0.25549658832448824, 0.011372251705837756, 
0.022053231939163497, 0.21825095057034222, 0.21825095057034222, 0.02585551330798479, 0.2600760456273764, 0.2600760456273764, 0.2600760456273764, 0.2600760456273764, 0.2600760456273764, 0.0022813688212927757, 0.0038022813688212928, 0.013688212927756654, 0.018250950570342206, 0.2600760456273764, 0.2600760456273764, 0.2600760456273764, 0.02129277566539924, 0.21825095057034222, 
0.22247532270311313, 0.016704631738800303, 0.1791951404707669, 0.1791951404707669, 0.1791951404707669, 0.1791951404707669, 0.1791951404707669, 0.1791951404707669, 0.1791951404707669, 0.0007593014426727411, 0.1108580106302202, 0.01442672741078208, 0.1791951404707669, 0.1791951404707669, 0.02050113895216401, 0.22247532270311313, 0.22247532270311313, 0.015945330296127564, 
