0.016308402267685197, 0.008257412737949634, 0.01747056485549993, 0.013001115964700681, 0.014908739910369595, 0.05658428931260402, 0.016392973130005182, 0.008257412737949634, 0.008257412737949634, 0.008257412737949634, 0.017217993321634945, 0.01315312163190591, 0.01315312163190591, 0.01315312163190591, 0.01315312163190591, 0.01740726801136976, 0.03620214698049149, 0.014115690002769311, 
0.01742044535278639, 0.00952117764699304, 0.0169252199046916, 0.016086150202862252, 0.016086150202862252, 0.017468545423063624, 0.0030994281318865256, 0.054570254941888205, 0.01663303994955503, 0.014126375612158237, 0.054570254941888205, 0.054570254941888205, 0.01640538264789315, 0.016086150202862252, 0.016086150202862252, 0.016086150202862252, 0.016086150202862252, 0.016086150202862252, 
0.012925117232379206, 0.008186672963317465, 0.008186672963317465, 0.015960948701614817, 0.009726486059866205, 0.009726486059866205, 0.017409622756330963, 0.0331051058976846, 0.0331051058976846, 0.0331051058976846, 0.0331051058976846, 0.015050823362518798, 0.009726486059866205, 0.009726486059866205, 0.009726486059866205, 0.009726486059866205, 0.009726486059866205, 0.009726486059866205, 
0.008212434271727702, 0.016536362370787566, 0.011401850562674384, 0.014640983531919586, 0.012560829482319033, 0.016756680446823356, 0.02388883454296787, 0.02388883454296787, 0.017118041435494086, 0.07441363066854405, 0.015862541972436167, 0.016658260631813644, 0.02388883454296787, 0.016658260631813644, 0.012560829482319033, 0.012560829482319033, 0.016756680446823356, 0.02388883454296787, 
0.01680356801357443, 0.038051815240815384, 0.038051815240815384, 0.016537354915986843, 0.08235775995915182, 0.014631253749400911, 0.010466295877245662, 0.003101776183501591, 0.01336734338584649, 0.01336734338584649, 0.01336734338584649, 0.01336734338584649, 0.01336734338584649, 0.017433642659871833, 0.03501895078908092, 0.03501895078908092, 0.005153329366154781, 0.01804815077933942, 
0.009405399885647238, 0.009033570166419274, 0.009033570166419274, 0.01836498964390468, 0.028815158522648814, 0.028815158522648814, 0.028815158522648814, 0.028815158522648814, 0.028815158522648814, 0.028815158522648814, 0.028815158522648814, 0.028815158522648814, 0.028815158522648814, 0.01640538264789315, 0.03590589861050451, 0.03590589861050451, 0.016459082989565544, 0.016647219958349526, 
0.045511223205774706, 0.016670899676299086, 0.07970883799883761, 0.07970883799883761, 0.07970883799883761, 0.07970883799883761, 0.07970883799883761, 0.07970883799883761, 0.07970883799883761, 0.07970883799883761, 0.015458286234063572, 0.016670899676299086, 0.013594533150440478, 0.01735620886357571, 0.045511223205774706, 0.045511223205774706, 0.045511223205774706, 0.045511223205774706, 
0.03541261843457601, 0.03541261843457601, 0.03541261843457601, 0.03541261843457601, 0.03541261843457601, 0.03541261843457601, 0.03541261843457601, 0.016790847674427137, 0.016539141618514417, 0.015050823362518798, 0.057694175022475154, 0.057694175022475154, 0.018987549372895245, 0.03541261843457601, 0.03541261843457601, 0.03541261843457601, 0.03541261843457601, 0.018358207949900028, 
0.061784465130146904, 0.061784465130146904, 0.01583852601184202, 0.039232039015283104, 0.01640538264789315, 0.0030994281318865256, 0.04069097961910799, 0.0030994281318865256, 0.03547058296445597, 0.03547058296445597, 0.03547058296445597, 0.03547058296445597, 0.03547058296445597, 0.03547058296445597, 0.03547058296445597, 0.03547058296445597, 0.03547058296445597, 0.03547058296445597, 
0.016292302821500633, 0.018442986795682296, 0.018442986795682296, 0.018358207949900028, 0.0633589554169469, 0.0633589554169469, 0.0633589554169469, 0.005149428284121356, 0.015423180360708394, 0.012925117232379206, 0.0633589554169469, 0.0633589554169469, 0.018280103894147512, 0.018442986795682296, 0.016511326243049813, 0.027117770873323965, 0.027117770873323965, 0.011384588109135134, 
0.02161445854903175, 0.02161445854903175, 0.02161445854903175, 0.02161445854903175, 0.02161445854903175, 0.02161445854903175, 0.018146297242485825, 0.026648605250269203, 0.026648605250269203, 0.026648605250269203, 0.008200000608939318, 0.017468545423063624, 0.016459082989565544, 0.026648605250269203, 0.017315561664252986, 0.017649994723292352, 0.009405399885647238, 0.014620177857084938, 
0.020257332910234512, 0.012925117232379206, 0.01915058503196406, 0.006803328403226323, 0.0030994281318865256, 0.01915058503196406, 0.0746221608531, 0.021464724115964756, 0.02036396903309477, 0.0746221608531, 0.008200000608939318, 0.021464724115964756, 0.02036396903309477, 0.018995896740351455, 0.05270309463287921, 0.05270309463287921, 0.05270309463287921, 0.05270309463287921, 
0.012337358547162688, 0.02147205582507946, 0.02147205582507946, 0.02147205582507946, 0.0031088417328945335, 0.00822490569810846, 0.019016258428066337, 0.01789446024224612, 0.02147205582507946, 0.02147205582507946, 0.02147205582507946, 0.013769268933090648, 0.016057777858555135, 0.017393521865492693, 0.02147205582507946, 0.02147205582507946, 0.02147205582507946, 0.02147205582507946, 
0.004605735677918238, 0.004605735677918238, 0.004605735677918238, 0.004605735677918238, 0.004605735677918238, 0.004605735677918238, 0.004605735677918238, 0.004605735677918238, 0.019073225577568707, 0.0298627874920918, 0.0298627874920918, 0.017340854123280756, 0.035189350312418745, 0.035189350312418745, 0.016709043448147817, 0.0298627874920918, 0.016731310756517796, 0.009405399885647238, 
0.016559113073950985, 0.01576298310101698, 0.019869527578688897, 0.019869527578688897, 0.019869527578688897, 0.017534915276494718, 0.05875293701288147, 0.016467713129078153, 0.08308198525127053, 0.014180047252022057, 0.05875293701288147, 0.05875293701288147, 0.05875293701288147, 0.01829730289721188, 0.019869527578688897, 0.019869527578688897, 0.019869527578688897, 0.017296494810943308, 
0.010474230900655251, 0.030811705529909934, 0.016950883619482642, 0.01663361116971232, 0.01663361116971232, 0.01663361116971232, 0.01663361116971232, 0.01663361116971232, 0.016233156077822514, 0.05164891151804237, 0.05164891151804237, 0.05164891151804237, 0.05164891151804237, 0.05164891151804237, 0.05164891151804237, 0.017343050251852, 0.01663361116971232, 0.01663361116971232, 
0.026420434185537245, 0.026420434185537245, 0.026420434185537245, 0.026420434185537245, 0.018856592805337035, 0.038501980034418945, 0.01685973249082161, 0.018856592805337035, 0.038501980034418945, 0.038501980034418945, 0.038501980034418945, 0.038501980034418945, 0.010530114754545941, 0.019001607472268846, 0.04142997071115869, 0.04142997071115869, 0.018405500948299437, 0.038501980034418945, 
0.0031041277954678547, 0.026919252294683456, 0.026919252294683456, 0.01576528841303894, 0.045275074029663034, 0.045275074029663034, 0.009419661295633057, 0.016658260631813644, 0.045275074029663034, 0.016430258133333472, 0.026919252294683456, 0.026919252294683456, 0.026919252294683456, 0.026919252294683456, 0.026919252294683456, 0.026919252294683456, 0.016484039900846157, 0.008584623396268077, 
0.01677076651310865, 0.03345385940044619, 0.016033774323067053, 0.022995032694902027, 0.022995032694902027, 0.009112493607768793, 0.0179216761513598, 0.017002445242659776, 0.009112493607768793, 0.018641159426546917, 0.017002445242659776, 0.022995032694902027, 0.022995032694902027, 0.0179216761513598, 0.02262957485205578, 0.010506091679060286, 0.02262957485205578, 0.00944831425774905, 
0.01416928032168643, 0.025642975777675693, 0.017939515272174487, 0.027598653045029457, 0.027598653045029457, 0.027598653045029457, 0.027598653045029457, 0.027598653045029457, 0.027598653045029457, 0.027598653045029457, 0.01919774403253201, 0.06311339951569757, 0.015096535810089089, 0.014404859414471383, 0.06311339951569757, 0.06311339951569757, 0.015470023733102344, 0.027598653045029457, 
