0.008257412737949634, 0.008257412737949634, 0.008257412737949634, 0.017482986021780184, 0.01315312163190591, 0.01315312163190591, 0.01740726801136976, 0.03620214698049149, 0.015039438473439738, 0.03620214698049149, 0.03620214698049149, 0.03620214698049149, 0.016681965177562687, 0.01614214936256665, 0.008257412737949634, 0.01747056485549993, 0.013001115964700681, 0.014908739910369595, 0.05658428931260402, 
0.01855649102642634, 0.00952117764699304, 0.00952117764699304, 0.016709043448147817, 0.016086150202862252, 0.017468545423063624, 0.011384588109135134, 0.01668907238037262, 0.016086150202862252, 0.016086150202862252, 0.016086150202862252, 0.017468545423063624, 0.01640538264789315, 0.016086150202862252, 0.016086150202862252, 0.016086150202862252, 0.016459082989565544, 0.00952117764699304, 0.00952117764699304, 
0.04716712321532366, 0.04716712321532366, 0.005149428284121356, 0.008186672963317465, 0.008186672963317465, 0.015960948701614817, 0.009726486059866205, 0.014618817016352715, 0.0331051058976846, 0.0331051058976846, 0.0331051058976846, 0.0331051058976846, 0.0331051058976846, 0.014618817016352715, 0.009726486059866205, 0.009726486059866205, 0.01574141969477544, 0.008186672963317465, 0.008186672963317465, 
0.009419661295633057, 0.014640983531919586, 0.012560829482319033, 0.012560829482319033, 0.012560829482319033, 0.016672462141758698, 0.017118041435494086, 0.07441363066854405, 0.015862541972436167, 0.07441363066854405, 0.01703551878673194, 0.02388883454296787, 0.016345494918786833, 0.012560829482319033, 0.012560829482319033, 0.012560829482319033, 0.012560829482319033, 0.012560829482319033, 0.012560829482319033, 
0.01747792277426538, 0.021282165945595437, 0.021282165945595437, 0.021282165945595437, 0.01336734338584649, 0.01336734338584649, 0.01680356801357443, 0.0181526463220847, 0.006808482439895434, 0.038051815240815384, 0.016508933943423863, 0.021282165945595437, 0.038051815240815384, 0.038051815240815384, 0.021282165945595437, 0.01336734338584649, 0.01336734338584649, 0.017433642659871833, 0.03501895078908092, 
0.009033570166419274, 0.018280103894147512, 0.028815158522648814, 0.028815158522648814, 0.017529692044144875, 0.03590589861050451, 0.009405399885647238, 0.009405399885647238, 0.01736633464906015, 0.028815158522648814, 0.018146297242485825, 0.009033570166419274, 0.009033570166419274, 0.0182282029421035, 0.08613033107906867, 0.08613033107906867, 0.011384588109135134, 0.011384588109135134, 0.08613033107906867, 
0.02456581282463162, 0.017934488549738465, 0.0481710732941273, 0.0481710732941273, 0.0481710732941273, 0.0481710732941273, 0.0481710732941273, 0.0481710732941273, 0.01048217796507153, 0.07069157238229049, 0.07069157238229049, 0.006818813976223045, 0.045511223205774706, 0.016670899676299086, 0.013594533150440478, 0.019054143368485637, 0.01839999446268432, 0.02456581282463162, 0.02456581282463162, 
0.019510185493048705, 0.03541261843457601, 0.020257332910234512, 0.019510185493048705, 0.010458372867497559, 0.012202289299271852, 0.03541261843457601, 0.03541261843457601, 0.016790847674427137, 0.005149428284121356, 0.018987549372895245, 0.03541261843457601, 0.03541261843457601, 0.03541261843457601, 0.03541261843457601, 0.03541261843457601, 0.03541261843457601, 0.03541261843457601, 0.03541261843457601, 
0.039232039015283104, 0.01640538264789315, 0.04069097961910799, 0.012925117232379206, 0.018010299106496406, 0.061784465130146904, 0.018462136007192046, 0.03547058296445597, 0.03547058296445597, 0.03547058296445597, 0.03547058296445597, 0.008200000608939318, 0.005149428284121356, 0.012925117232379206, 0.1057826244043225, 0.1057826244043225, 0.013563659873035995, 0.03547058296445597, 0.03547058296445597, 
0.011384588109135134, 0.01600915476133014, 0.027117770873323965, 0.027117770873323965, 0.027117770873323965, 0.018280103894147512, 0.018146297242485825, 0.018280103894147512, 0.018442986795682296, 0.018442986795682296, 0.018442986795682296, 0.018442986795682296, 0.018442986795682296, 0.018442986795682296, 0.018442986795682296, 0.018442986795682296, 0.017231027381681602, 0.027117770873323965, 0.027117770873323965, 
0.006803328403226323, 0.02100294231616159, 0.017409622756330963, 0.016459082989565544, 0.017885194256967295, 0.02161445854903175, 0.02161445854903175, 0.02161445854903175, 0.017649994723292352, 0.018275222321356175, 0.01600915476133014, 0.08648131937054741, 0.08648131937054741, 0.018275222321356175, 0.02100294231616159, 0.017315561664252986, 0.02161445854903175, 0.02161445854903175, 0.018146297242485825, 
0.02036396903309477, 0.0746221608531, 0.0746221608531, 0.012925117232379206, 0.014920025860339596, 0.0746221608531, 0.0746221608531, 0.0746221608531, 0.0746221608531, 0.0746221608531, 0.0746221608531, 0.018995896740351455, 0.0182282029421035, 0.07384854402876818, 0.009405399885647238, 0.05270309463287921, 0.05270309463287921, 0.05270309463287921, 0.020257332910234512, 
0.019016258428066337, 0.019016258428066337, 0.012239350162747242, 0.05902679218586444, 0.015096535810089089, 0.01777900127381725, 0.018334023434676983, 0.019016258428066337, 0.017536891980995374, 0.02147205582507946, 0.02147205582507946, 0.02147205582507946, 0.02147205582507946, 0.02147205582507946, 0.02147205582507946, 0.02147205582507946, 0.016057777858555135, 0.04913820885210443, 
0.017340854123280756, 0.035189350312418745, 0.035189350312418745, 0.006803328403226323, 0.01600915476133014, 0.0298627874920918, 0.016731310756517796, 0.017409622756330963, 0.017316792794998325, 0.014620177857084938, 0.004605735677918238, 0.004605735677918238, 0.004605735677918238, 0.004605735677918238, 0.019073225577568707, 0.018146297242485825, 0.004605735677918238, 0.019073225577568707, 0.0298627874920918, 
0.01685464268838773, 0.019240357677798053, 0.01576298310101698, 0.017534915276494718, 0.05875293701288147, 0.013615193535167592, 0.05875293701288147, 0.018207821538869153, 0.019869527578688897, 0.019869527578688897, 0.019869527578688897, 0.019869527578688897, 0.019869527578688897, 0.019869527578688897, 0.019869527578688897, 0.019869527578688897, 0.019869527578688897, 0.017296494810943308, 0.0167104692743007, 
0.011401850562674384, 0.016658260631813644, 0.01663361116971232, 0.01663361116971232, 0.01663361116971232, 0.018307822019839926, 0.008212434271727702, 0.018306223550773, 0.05465299983186831, 0.05465299983186831, 0.05465299983186831, 0.01703551878673194, 0.015073644929406618, 0.017343050251852, 0.030811705529909934, 0.030811705529909934, 0.030811705529909934, 0.030811705529909934, 0.016950883619482642, 
0.038501980034418945, 0.038501980034418945, 0.038501980034418945, 0.018353087357264354, 0.017584495474108466, 0.08338075791298377, 0.08338075791298377, 0.08338075791298377, 0.019204063253024588, 0.026420434185537245, 0.026420434185537245, 0.026420434185537245, 0.026420434185537245, 0.019001607472268846, 0.038501980034418945, 0.019001607472268846, 0.04142997071115869, 
0.011401850562674384, 0.026919252294683456, 0.016484039900846157, 0.008584623396268077, 0.017257154792419557, 0.01576528841303894, 0.008584623396268077, 0.008584623396268077, 0.008584623396268077, 0.008584623396268077, 0.008584623396268077, 0.01832408669499501, 0.026919252294683456, 0.026919252294683456, 0.026919252294683456, 0.026919252294683456, 0.026919252294683456, 0.016430258133333472, 0.045275074029663034, 
0.016033774323067053, 0.022995032694902027, 0.018641159426546917, 0.02262957485205578, 0.02262957485205578, 0.02262957485205578, 0.02262957485205578, 0.01797540373274167, 0.06746983962864866, 0.06746983962864866, 0.01581324366296453, 0.06746983962864866, 0.016723176855497887, 0.02262957485205578, 0.0171701115235108, 0.022995032694902027, 0.022995032694902027, 0.022995032694902027, 0.01708733785528474, 
0.014404859414471383, 0.015470023733102344, 0.027598653045029457, 0.027598653045029457, 0.027598653045029457, 0.0180892627401124, 0.018065000090874528, 0.08059917608686523, 0.08059917608686523, 0.08059917608686523, 0.08059917608686523, 0.016057777858555135, 0.015470023733102344, 0.01658937439488044, 0.025642975777675693, 0.025642975777675693, 0.025642975777675693, 0.025642975777675693, 0.017939515272174487, 
