0.0037821482602118004, 0.015128593040847202, 0.018910741301059002, 0.25642965204236007, 0.02042360060514372, 0.24357034795763993, 0.24357034795763993, 0.01664145234493192, 0.09001512859304085, 0.09001512859304085, 0.09001512859304085, 0.09001512859304085, 0.01361573373676248, 0.24357034795763993, 0.0264750378214826, 0.25642965204236007, 0.25642965204236007, 0.25642965204236007, 0.25642965204236007, 
0.2808478425435276, 0.2808478425435276, 0.2808478425435276, 0.2808478425435276, 0.2808478425435276, 0.015897047691143074, 0.07645722937168811, 0.07645722937168811, 0.07645722937168811, 0.002271006813020439, 0.07645722937168811, 0.07645722937168811, 0.018168054504163512, 0.2808478425435276, 0.2808478425435276, 0.021196063588190765, 0.2331566994700984, 0.2331566994700984, 0.003785011355034065, 
0.28690386071158214, 0.28690386071158214, 0.28690386071158214, 0.28690386071158214, 0.28690386071158214, 0.28690386071158214, 0.28690386071158214, 0.025738077214231644, 0.10673732021196064, 0.10673732021196064, 0.10673732021196064, 0.10673732021196064, 0.10673732021196064, 0.025738077214231644, 0.28690386071158214, 0.0174110522331567, 0.24148372445117336, 0.009084027252081756, 0.009084027252081756, 
0.006823351023502654, 0.015163002274450341, 0.19257012888551933, 0.02047005307050796, 0.244882486732373, 0.244882486732373, 0.244882486732373, 0.016679302501895376, 0.10917361637604246, 0.10917361637604246, 0.02577710386656558, 0.244882486732373, 0.021986353297952996, 0.19257012888551933, 0.19257012888551933, 0.19257012888551933, 0.19257012888551933, 0.19257012888551933, 0.19257012888551933, 
0.26590909090909093, 0.26590909090909093, 0.26590909090909093, 0.26590909090909093, 0.021212121212121213, 0.2606060606060606, 0.2606060606060606, 0.01818181818181818, 0.015151515151515152, 0.024242424242424242, 0.26590909090909093, 0.26590909090909093, 0.26590909090909093, 0.26590909090909093, 0.26590909090909093, 0.014393939393939395, 0.09848484848484848, 0.004545454545454545, 0.014393939393939395, 
0.2664647993943982, 0.2664647993943982, 0.2664647993943982, 0.2664647993943982, 0.026495079485238455, 0.20136260408781226, 0.005299015897047691, 0.20136260408781226, 0.018168054504163512, 0.2664647993943982, 0.2664647993943982, 0.015897047691143074, 0.010598031794095382, 0.014383043149129448, 0.015897047691143074, 0.13701741105223317, 0.015897047691143074, 0.2664647993943982, 0.2664647993943982, 
0.004552352048558422, 0.022003034901365705, 0.19802731411229135, 0.19802731411229135, 0.19802731411229135, 0.19802731411229135, 0.19802731411229135, 0.0204855842185129, 0.014415781487101669, 0.19802731411229135, 0.02276176024279211, 0.2496206373292868, 0.015174506828528073, 0.09104704097116843, 0.09104704097116843, 0.09104704097116843, 0.09104704097116843, 0.09104704097116843, 0.09104704097116843, 
0.0757002271006813, 0.013626040878122634, 0.02498107494322483, 0.013626040878122634, 0.336109008327025, 0.336109008327025, 0.336109008327025, 0.336109008327025, 0.336109008327025, 0.336109008327025, 0.336109008327025, 0.012112036336109008, 0.004542013626040878, 0.00984102952308857, 0.0757002271006813, 0.0757002271006813, 0.0757002271006813, 0.014383043149129448, 0.006056018168054504, 
0.30507191521574567, 0.015897047691143074, 0.006813020439061317, 0.000757002271006813, 0.012869038607115822, 0.024224072672218017, 0.19454958364875094, 0.19454958364875094, 0.19454958364875094, 0.012112036336109008, 0.13247539742619227, 0.014383043149129448, 0.19454958364875094, 0.19454958364875094, 0.021196063588190765, 0.30507191521574567, 0.012869038607115822, 0.19454958364875094, 0.003028009084027252, 
0.21196063588190764, 0.022710068130204392, 0.015897047691143074, 0.08402725208175625, 0.00757002271006813, 0.003785011355034065, 0.2573807721423164, 0.2573807721423164, 0.2573807721423164, 0.02725208175624527, 0.21196063588190764, 0.02195306585919758, 0.10598031794095382, 0.01514004542013626, 0.21196063588190764, 0.018925056775170326, 0.10598031794095382, 0.10598031794095382, 0.010598031794095382, 
0.186222558667676, 0.02498107494322483, 0.029523088569265707, 0.003785011355034065, 0.009084027252081756, 0.20514761544284632, 0.20514761544284632, 0.20514761544284632, 0.20514761544284632, 0.20514761544284632, 0.018925056775170326, 0.023467070401211203, 0.016654049962149888, 0.186222558667676, 0.186222558667676, 0.186222558667676, 0.01514004542013626, 0.07948523845571537, 0.07948523845571537, 
0.09689629068887207, 0.09689629068887207, 0.09689629068887207, 0.005299015897047691, 0.006813020439061317, 0.23618470855412566, 0.23618470855412566, 0.024224072672218017, 0.028766086298258896, 0.23618470855412566, 0.01514004542013626, 0.01514004542013626, 0.04844814534443603, 0.011355034065102196, 0.09689629068887207, 0.09689629068887207, 0.09689629068887207, 0.09689629068887207, 0.09689629068887207, 
0.24677296886864086, 0.24677296886864086, 0.24677296886864086, 0.24677296886864086, 0.012148823082763858, 0.018982536066818528, 0.24677296886864086, 0.24677296886864086, 0.24677296886864086, 0.24677296886864086, 0.24677296886864086, 0.24677296886864086, 0.24677296886864086, 0.24677296886864086, 0.025816249050873197, 0.275626423690205, 0.275626423690205, 0.015186028853454821, 0.007593014426727411, 
0.015897047691143074, 0.27403482210446634, 0.27403482210446634, 0.27403482210446634, 0.27403482210446634, 0.01968205904617714, 0.24072672218016655, 0.24072672218016655, 0.018925056775170326, 0.06888720666161999, 0.06888720666161999, 0.016654049962149888, 0.24072672218016655, 0.24072672218016655, 0.02195306585919758, 0.27403482210446634, 0.27403482210446634, 0.01514004542013626, 0.014383043149129448, 
0.02507598784194529, 0.22112462006079028, 0.02507598784194529, 0.00303951367781155, 0.28799392097264437, 0.019756838905775075, 0.22112462006079028, 0.22112462006079028, 0.02507598784194529, 0.00303951367781155, 0.003799392097264438, 0.0007598784194528875, 0.014437689969604863, 0.28799392097264437, 0.28799392097264437, 0.28799392097264437, 0.28799392097264437, 0.28799392097264437, 0.28799392097264437, 
0.14480667172100076, 0.014404852160727824, 0.24109173616376042, 0.24109173616376042, 0.01592115238817286, 0.21531463229719486, 0.21531463229719486, 0.013646702047005308, 0.07884761182714177, 0.01288855193328279, 0.006065200909780136, 0.07884761182714177, 0.01061410159211524, 0.21531463229719486, 0.21531463229719486, 0.02122820318423048, 0.24109173616376042, 0.24109173616376042, 0.24109173616376042, 
0.04954268292682927, 0.04954268292682927, 0.009146341463414634, 0.004573170731707317, 0.028201219512195123, 0.2507621951219512, 0.2507621951219512, 0.01753048780487805, 0.012195121951219513, 0.0022865853658536584, 0.0007621951219512195, 0.01600609756097561, 0.2690548780487805, 0.2690548780487805, 0.2690548780487805, 0.2690548780487805, 0.2690548780487805, 0.2690548780487805, 0.2690548780487805, 
0.008339651250947688, 0.013646702047005308, 0.25549658832448824, 0.25549658832448824, 0.019711902956785442, 0.008339651250947688, 0.013646702047005308, 0.011372251705837756, 0.2532221379833207, 0.2532221379833207, 0.2532221379833207, 0.2532221379833207, 0.2532221379833207, 0.02122820318423048, 0.25549658832448824, 0.25549658832448824, 0.25549658832448824, 0.25549658832448824, 0.25549658832448824, 
0.2600760456273764, 0.2600760456273764, 0.2600760456273764, 0.02129277566539924, 0.21825095057034222, 0.21825095057034222, 0.21825095057034222, 0.01749049429657795, 0.06920152091254753, 0.06920152091254753, 0.022053231939163497, 0.21825095057034222, 0.02585551330798479, 0.2600760456273764, 0.02053231939163498, 0.018250950570342206, 0.01064638783269962, 0.011406844106463879, 
0.1791951404707669, 0.1791951404707669, 0.002277904328018223, 0.005315110098709187, 0.01442672741078208, 0.005315110098709187, 0.1791951404707669, 0.1791951404707669, 0.1791951404707669, 0.1791951404707669, 0.1791951404707669, 0.02050113895216401, 0.22247532270311313, 0.22247532270311313, 0.012908124525436599, 0.1556567957479119, 0.0007593014426727411, 0.1556567957479119, 
