0.24357034795763993, 0.24357034795763993, 0.24357034795763993, 0.24357034795763993, 0.24357034795763993, 0.019667170953101363, 0.25642965204236007, 0.25642965204236007, 0.25642965204236007, 0.25642965204236007, 0.25642965204236007, 0.018154311649016642, 0.009833585476550681, 0.018910741301059002, 0.25642965204236007, 0.25642965204236007, 0.02042360060514372, 0.24357034795763993, 0.014372163388804841, 
0.2808478425435276, 0.2808478425435276, 0.2808478425435276, 0.2808478425435276, 0.015897047691143074, 0.021196063588190765, 0.2808478425435276, 0.2808478425435276, 0.2808478425435276, 0.2808478425435276, 0.015897047691143074, 0.07645722937168811, 0.021196063588190765, 0.015897047691143074, 0.021196063588190765, 0.2808478425435276, 0.021196063588190765, 0.003785011355034065, 0.015897047691143074, 
0.008327024981074944, 0.011355034065102196, 0.24148372445117336, 0.24148372445117336, 0.24148372445117336, 0.24148372445117336, 0.02195306585919758, 0.28690386071158214, 0.28690386071158214, 0.28690386071158214, 0.28690386071158214, 0.28690386071158214, 0.025738077214231644, 0.00984102952308857, 0.28690386071158214, 0.0174110522331567, 0.004542013626040878, 0.006813020439061317, 0.24148372445117336, 
0.001516300227445034, 0.19257012888551933, 0.015163002274450341, 0.244882486732373, 0.244882486732373, 0.244882486732373, 0.244882486732373, 0.244882486732373, 0.244882486732373, 0.244882486732373, 0.244882486732373, 0.244882486732373, 0.022744503411675512, 0.10917361637604246, 0.02577710386656558, 0.244882486732373, 0.244882486732373, 0.021986353297952996, 0.19257012888551933, 
0.26590909090909093, 0.26590909090909093, 0.26590909090909093, 0.025, 0.2606060606060606, 0.024242424242424242, 0.021212121212121213, 0.2606060606060606, 0.2606060606060606, 0.2606060606060606, 0.021212121212121213, 0.26590909090909093, 0.26590909090909093, 0.26590909090909093, 0.005303030303030303, 0.003787878787878788, 0.26590909090909093, 0.26590909090909093, 0.021212121212121213, 
0.13701741105223317, 0.014383043149129448, 0.2664647993943982, 0.026495079485238455, 0.20136260408781226, 0.02195306585919758, 0.06661619984859955, 0.06661619984859955, 0.011355034065102196, 0.02195306585919758, 0.06661619984859955, 0.011355034065102196, 0.20136260408781226, 0.018168054504163512, 0.2664647993943982, 0.2664647993943982, 0.015897047691143074, 0.13701741105223317, 0.006813020439061317, 
0.19802731411229135, 0.0204855842185129, 0.07663125948406677, 0.07663125948406677, 0.07663125948406677, 0.07663125948406677, 0.07663125948406677, 0.004552352048558422, 0.03945371775417299, 0.03945371775417299, 0.03945371775417299, 0.03945371775417299, 0.03945371775417299, 0.0007587253414264037, 0.006828528072837633, 0.015174506828528073, 0.09104704097116843, 0.014415781487101669, 0.2496206373292868, 
0.014383043149129448, 0.19606358819076458, 0.021196063588190765, 0.015897047691143074, 0.031037093111279335, 0.000757002271006813, 0.024224072672218017, 0.19606358819076458, 0.19606358819076458, 0.19606358819076458, 0.19606358819076458, 0.19606358819076458, 0.19606358819076458, 0.018168054504163512, 0.02195306585919758, 0.19606358819076458, 0.19606358819076458, 0.19606358819076458, 0.19606358819076458, 
0.00984102952308857, 0.00984102952308857, 0.00984102952308857, 0.00984102952308857, 0.00984102952308857, 0.000757002271006813, 0.006813020439061317, 0.05147615442846329, 0.05147615442846329, 0.05147615442846329, 0.05147615442846329, 0.013626040878122634, 0.022710068130204392, 0.022710068130204392, 0.022710068130204392, 0.022710068130204392, 0.022710068130204392, 0.022710068130204392, 0.022710068130204392, 
0.01514004542013626, 0.21196063588190764, 0.21196063588190764, 0.022710068130204392, 0.2573807721423164, 0.018925056775170326, 0.012112036336109008, 0.012112036336109008, 0.2573807721423164, 0.2573807721423164, 0.2573807721423164, 0.2573807721423164, 0.2573807721423164, 0.2573807721423164, 0.02725208175624527, 0.21196063588190764, 0.21196063588190764, 0.02195306585919758, 0.010598031794095382, 
0.20514761544284632, 0.029523088569265707, 0.000757002271006813, 0.001514004542013626, 0.018925056775170326, 0.186222558667676, 0.023467070401211203, 0.20514761544284632, 0.018925056775170326, 0.186222558667676, 0.186222558667676, 0.186222558667676, 0.02498107494322483, 0.016654049962149888, 0.186222558667676, 0.186222558667676, 0.186222558667676, 0.186222558667676, 0.186222558667676, 
0.2808478425435276, 0.2808478425435276, 0.001514004542013626, 0.000757002271006813, 0.003028009084027252, 0.2808478425435276, 0.2808478425435276, 0.2808478425435276, 0.2808478425435276, 0.2808478425435276, 0.2808478425435276, 0.2808478425435276, 0.2808478425435276, 0.2808478425435276, 0.2808478425435276, 0.2808478425435276, 0.2808478425435276, 0.2808478425435276, 0.2808478425435276, 
0.275626423690205, 0.275626423690205, 0.015186028853454821, 0.002277904328018223, 0.009870918754745633, 0.004555808656036446, 0.025816249050873197, 0.24677296886864086, 0.24677296886864086, 0.24677296886864086, 0.012148823082763858, 0.07441154138192863, 0.015186028853454821, 0.24677296886864086, 0.24677296886864086, 0.24677296886864086, 0.24677296886864086, 0.24677296886864086, 0.24677296886864086, 
0.012112036336109008, 0.24072672218016655, 0.24072672218016655, 0.24072672218016655, 0.24072672218016655, 0.02195306585919758, 0.27403482210446634, 0.27403482210446634, 0.27403482210446634, 0.003785011355034065, 0.01514004542013626, 0.015897047691143074, 0.002271006813020439, 0.01514004542013626, 0.09084027252081757, 0.09084027252081757, 0.011355034065102196, 0.27403482210446634, 0.27403482210446634, 
0.02507598784194529, 0.22112462006079028, 0.22112462006079028, 0.22112462006079028, 0.22112462006079028, 0.22112462006079028, 0.22112462006079028, 0.22112462006079028, 0.22112462006079028, 0.22112462006079028, 0.22112462006079028, 0.0007598784194528875, 0.003799392097264438, 0.00303951367781155, 0.28799392097264437, 0.28799392097264437, 0.28799392097264437, 0.28799392097264437, 0.019756838905775075, 
0.0037907505686125853, 0.004548900682335102, 0.02122820318423048, 0.24109173616376042, 0.018953752843062926, 0.14480667172100076, 0.14480667172100076, 0.14480667172100076, 0.14480667172100076, 0.14480667172100076, 0.14480667172100076, 0.14480667172100076, 0.14480667172100076, 0.0037907505686125853, 0.00530705079605762, 0.006065200909780136, 0.006065200909780136, 0.003032600454890068, 0.001516300227445034, 
0.004573170731707317, 0.2690548780487805, 0.2690548780487805, 0.2690548780487805, 0.2690548780487805, 0.028201219512195123, 0.2507621951219512, 0.019817073170731708, 0.2690548780487805, 0.2690548780487805, 0.2690548780487805, 0.2690548780487805, 0.028201219512195123, 0.2507621951219512, 0.2507621951219512, 0.2507621951219512, 0.01600609756097561, 0.10442073170731707, 0.10442073170731707, 
0.002274450341167551, 0.0037907505686125853, 0.08946171341925702, 0.08946171341925702, 0.02047005307050796, 0.2532221379833207, 0.2532221379833207, 0.02122820318423048, 0.25549658832448824, 0.25549658832448824, 0.013646702047005308, 0.0037907505686125853, 0.000758150113722517, 0.01819560272934041, 0.25549658832448824, 0.019711902956785442, 0.2532221379833207, 0.2532221379833207, 
0.06920152091254753, 0.06920152091254753, 0.022053231939163497, 0.21825095057034222, 0.02129277566539924, 0.02129277566539924, 0.21825095057034222, 0.02129277566539924, 0.2600760456273764, 0.2600760456273764, 0.2600760456273764, 0.2600760456273764, 0.02053231939163498, 0.011406844106463879, 0.013688212927756654, 0.018250950570342206, 0.2600760456273764, 0.2600760456273764, 0.02053231939163498, 
0.22247532270311313, 0.22247532270311313, 0.019741837509491267, 0.1791951404707669, 0.1791951404707669, 0.1791951404707669, 0.1791951404707669, 0.01366742596810934, 0.1108580106302202, 0.1108580106302202, 0.1108580106302202, 0.0037965072133637054, 0.1108580106302202, 0.1108580106302202, 0.0015186028853454822, 0.22247532270311313, 0.016704631738800303, 0.1791951404707669, 0.02050113895216401, 
