0.017217993321634945, 0.01315312163190591, 0.01315312163190591, 0.01740726801136976, 0.03620214698049149, 0.01669640423222637, 0.008193797885331953, 0.01315312163190591, 0.01315312163190591, 0.01315312163190591, 0.01315312163190591, 0.01614214936256665, 0.008257412737949634, 
0.01668907238037262, 0.054570254941888205, 0.01640538264789315, 0.016086150202862252, 0.016086150202862252, 0.01600915476133014, 0.00952117764699304, 0.019139613089208675, 0.032936468225085454, 0.032936468225085454, 0.01742044535278639, 0.00952117764699304, 0.00952117764699304, 
0.01600915476133014, 0.01574141969477544, 0.008186672963317465, 0.008186672963317465, 0.015960948701614817, 0.009726486059866205, 0.014618817016352715, 0.0331051058976846, 0.0331051058976846, 0.0331051058976846, 0.014618817016352715, 0.009726486059866205, 0.01574141969477544, 
0.016658260631813644, 0.02388883454296787, 0.016658260631813644, 0.012560829482319033, 0.01751030078769591, 0.03140729221611557, 0.03140729221611557, 0.03140729221611557, 0.014640983531919586, 0.012560829482319033, 0.012560829482319033, 0.016672462141758698, 0.005157236363399781, 
0.01336734338584649, 0.01336734338584649, 0.01336734338584649, 0.01680356801357443, 0.038051815240815384, 0.038051815240815384, 0.016537354915986843, 0.08235775995915182, 0.08235775995915182, 0.08235775995915182, 0.010466295877245662, 0.00941252518859091, 0.038051815240815384, 
0.005149428284121356, 0.010458372867497559, 0.009033570166419274, 0.009033570166419274, 0.01836498964390468, 0.028815158522648814, 0.028815158522648814, 0.028815158522648814, 0.028815158522648814, 0.016647219958349526, 0.009033570166419274, 0.009033570166419274, 0.01836498964390468, 
0.01903447703036309, 0.016670899676299086, 0.07970883799883761, 0.07970883799883761, 0.01048217796507153, 0.016670899676299086, 0.07970883799883761, 0.019054143368485637, 0.009426808231365708, 0.045511223205774706, 0.045511223205774706, 0.045511223205774706, 0.045511223205774706, 
0.024322207422804328, 0.005149428284121356, 0.016539141618514417, 0.012202289299271852, 0.03541261843457601, 0.020257332910234512, 0.024322207422804328, 0.017725166296455198, 0.034019453867826545, 0.017464691947032783, 0.024322207422804328, 0.024322207422804328, 0.019510185493048705, 
0.061784465130146904, 0.01583852601184202, 0.01640538264789315, 0.015050823362518798, 0.018010299106496406, 0.018462136007192046, 0.03547058296445597, 0.01600915476133014, 0.016539141618514417, 0.016320747765238328, 0.061784465130146904, 0.018462136007192046, 
0.027117770873323965, 0.018280103894147512, 0.018442986795682296, 0.018442986795682296, 0.018358207949900028, 0.0633589554169469, 0.017409622756330963, 0.016511326243049813, 0.027117770873323965, 0.027117770873323965, 0.017340854123280756, 0.01600915476133014, 0.06109190709928431, 
0.02161445854903175, 0.018146297242485825, 0.026648605250269203, 0.026648605250269203, 0.026648605250269203, 0.005149428284121356, 0.005149428284121356, 0.026648605250269203, 0.017885194256967295, 0.02161445854903175, 0.01600915476133014, 0.08648131937054741, 0.017409622756330963, 
0.008200000608939318, 0.013563659873035995, 0.05270309463287921, 0.05270309463287921, 0.05270309463287921, 0.05270309463287921, 0.05270309463287921, 0.05270309463287921, 0.017316792794998325, 0.0182282029421035, 0.016524836100758996, 0.07384854402876818, 0.07384854402876818, 
0.01876967114351656, 0.011419165445837138, 0.017462499363032045, 0.0068239915115125074, 0.05902679218586444, 0.015096535810089089, 0.01777900127381725, 0.05902679218586444, 0.015789229625511284, 0.019016258428066337, 0.019016258428066337, 0.01789446024224612, 0.02147205582507946, 
0.01600915476133014, 0.0298627874920918, 0.018146297242485825, 0.004605735677918238, 0.004605735677918238, 0.004605735677918238, 0.004605735677918238, 0.016790847674427137, 0.04640353887351922, 0.04640353887351922, 0.01574141969477544, 0.016790847674427137, 0.017316792794998325, 
0.01629120874530398, 0.018207821538869153, 0.019869527578688897, 0.017296494810943308, 0.019240357677798053, 0.019240357677798053, 0.019240357677798053, 0.019240357677798053, 0.0167104692743007, 0.045302428604347564, 0.045302428604347564, 0.045302428604347564, 
0.01663361116971232, 0.017257154792419557, 0.030811705529909934, 0.030811705529909934, 0.030811705529909934, 0.018306223550773, 0.017343050251852, 0.016430258133333472, 0.05465299983186831, 0.05465299983186831, 0.05465299983186831, 0.01703551878673194, 0.015073644929406618, 
0.019204063253024588, 0.018856592805337035, 0.01310020983638285, 0.012285994027696737, 0.038501980034418945, 0.038501980034418945, 0.038501980034418945, 0.038501980034418945, 0.038501980034418945, 0.018353087357264354, 0.026420434185537245, 0.026420434185537245, 0.026420434185537245, 
0.011401850562674384, 0.016484039900846157, 0.008584623396268077, 0.008584623396268077, 0.008584623396268077, 0.016430258133333472, 0.056236407742107766, 0.016345494918786833, 0.008584623396268077, 0.008584623396268077, 0.008584623396268077, 0.01832408669499501, 0.016536362370787566, 
0.022995032694902027, 0.022995032694902027, 0.022995032694902027, 0.022995032694902027, 0.022995032694902027, 0.01708733785528474, 0.03345385940044619, 0.016033774323067053, 0.0179216761513598, 0.0031135700092943725, 0.01581324366296453, 0.00944831425774905, 
0.01049013709792276, 0.025642975777675693, 0.017939515272174487, 0.027598653045029457, 0.027598653045029457, 0.01919774403253201, 0.06311339951569757, 0.06311339951569757, 0.06311339951569757, 0.016057777858555135, 0.027598653045029457, 0.027598653045029457, 0.027598653045029457, 
