0.008257412737949634, 0.017217993321634945, 0.01315312163190591, 0.01315312163190591, 0.01315312163190591, 0.01740726801136976, 0.03620214698049149, 0.03620214698049149, 0.03620214698049149, 0.014115690002769311, 0.005145533103876181, 0.009398285362284419, 0.015826545281122015, 0.03620214698049149, 0.017327736987030166, 0.01315312163190591, 0.01315312163190591, 0.01315312163190591, 0.016308402267685197, 0.01747056485549993, 
0.005149428284121356, 0.01600915476133014, 0.00952117764699304, 0.00952117764699304, 0.00952117764699304, 0.00952117764699304, 0.00952117764699304, 0.00952117764699304, 0.00952117764699304, 0.016709043448147817, 0.016086150202862252, 0.016086150202862252, 0.016086150202862252, 0.016086150202862252, 0.016459082989565544, 0.00952117764699304, 0.0030994281318865256, 0.0030994281318865256, 0.00952117764699304, 0.0030994281318865256, 
0.009726486059866205, 0.009726486059866205, 0.009726486059866205, 0.009726486059866205, 0.009726486059866205, 0.009726486059866205, 0.009726486059866205, 0.009726486059866205, 0.009726486059866205, 0.009726486059866205, 0.017409622756330963, 0.0331051058976846, 0.0331051058976846, 0.0331051058976846, 0.0331051058976846, 0.0030994281318865256, 0.0030994281318865256, 0.008186672963317465, 0.017483790112771316, 0.014618817016352715, 
0.014640983531919586, 0.012560829482319033, 0.016756680446823356, 0.02388883454296787, 0.02388883454296787, 0.02388883454296787, 0.02388883454296787, 0.015446566532597263, 0.07441363066854405, 0.07441363066854405, 0.07441363066854405, 0.07441363066854405, 0.015862541972436167, 0.015862541972436167, 0.07441363066854405, 0.01703551878673194, 0.02388883454296787, 0.016345494918786833, 0.012560829482319033, 0.012560829482319033, 
0.03501895078908092, 0.0174228118644797, 0.01336734338584649, 0.01336734338584649, 0.01336734338584649, 0.01680356801357443, 0.038051815240815384, 0.038051815240815384, 0.038051815240815384, 0.0181526463220847, 0.08235775995915182, 0.08235775995915182, 0.08235775995915182, 0.014631253749400911, 0.016551671271255716, 0.014931328910233792, 0.038051815240815384, 0.038051815240815384, 0.016508933943423863, 0.01336734338584649, 
0.018146297242485825, 0.009033570166419274, 0.019139613089208675, 0.012925117232379206, 0.010458372867497559, 0.009033570166419274, 0.018280103894147512, 0.028815158522648814, 0.028815158522648814, 0.028815158522648814, 0.01640538264789315, 0.03590589861050451, 0.005149428284121356, 0.005149428284121356, 0.010458372867497559, 0.009071104537635098, 0.009071104537635098, 0.009033570166419274, 0.009033570166419274, 0.01836498964390468, 
0.016670899676299086, 0.01735620886357571, 0.045511223205774706, 0.045511223205774706, 0.02037011357830245, 0.02456581282463162, 0.02456581282463162, 0.02456581282463162, 0.02456581282463162, 0.02456581282463162, 0.02456581282463162, 0.02456581282463162, 0.02456581282463162, 0.017934488549738465, 0.0481710732941273, 0.0481710732941273, 0.016576787616128637, 0.02456581282463162, 0.02456581282463162, 0.02456581282463162, 
0.024322207422804328, 0.019073225577568707, 0.03541261843457601, 0.03541261843457601, 0.03541261843457601, 0.03541261843457601, 0.03541261843457601, 0.018162458867354795, 0.057694175022475154, 0.057694175022475154, 0.057694175022475154, 0.057694175022475154, 0.010458372867497559, 0.015050823362518798, 0.057694175022475154, 0.057694175022475154, 0.018987549372895245, 0.03541261843457601, 0.018358207949900028, 0.017725166296455198, 
0.018462136007192046, 0.03547058296445597, 0.013563659873035995, 0.1057826244043225, 0.013563659873035995, 0.03547058296445597, 0.03547058296445597, 0.03547058296445597, 0.03547058296445597, 0.03547058296445597, 0.03547058296445597, 0.03547058296445597, 0.03547058296445597, 0.03547058296445597, 0.03547058296445597, 0.03547058296445597, 0.016320747765238328, 0.006803328403226323, 0.061784465130146904, 0.061784465130146904, 
0.017231027381681602, 0.027117770873323965, 0.027117770873323965, 0.027117770873323965, 0.027117770873323965, 0.027117770873323965, 0.027117770873323965, 0.027117770873323965, 0.027117770873323965, 0.027117770873323965, 0.027117770873323965, 0.027117770873323965, 0.027117770873323965, 0.018280103894147512, 0.01600915476133014, 0.018146297242485825, 0.027117770873323965, 0.016292302821500633, 0.018442986795682296, 0.018358207949900028, 
0.01915058503196406, 0.026648605250269203, 0.026648605250269203, 0.026648605250269203, 0.026648605250269203, 0.026648605250269203, 0.026648605250269203, 0.026648605250269203, 0.026648605250269203, 0.026648605250269203, 0.026648605250269203, 0.026648605250269203, 0.026648605250269203, 0.017315561664252986, 0.0030994281318865256, 0.018146297242485825, 0.026648605250269203, 0.026648605250269203, 0.026648605250269203, 0.026648605250269203, 
0.021464724115964756, 0.05270309463287921, 0.015797365506241254, 0.05270309463287921, 0.05270309463287921, 0.05270309463287921, 0.05270309463287921, 0.05270309463287921, 0.05270309463287921, 0.05270309463287921, 0.05270309463287921, 0.05270309463287921, 0.05270309463287921, 0.0182282029421035, 0.005149428284121356, 0.0746221608531, 0.015252861624089816, 0.018995896740351455, 0.05270309463287921, 0.012925117232379206, 
0.01777900127381725, 0.018334023434676983, 0.019016258428066337, 0.01789446024224612, 0.02147205582507946, 0.02147205582507946, 0.02147205582507946, 0.02147205582507946, 0.02147205582507946, 0.02147205582507946, 0.02147205582507946, 0.02147205582507946, 0.02147205582507946, 0.02147205582507946, 0.02147205582507946, 0.016057777858555135, 0.04913820885210443, 0.017462499363032045, 0.02147205582507946, 0.02147205582507946, 
0.014620177857084938, 0.004605735677918238, 0.004605735677918238, 0.004605735677918238, 0.004605735677918238, 0.004605735677918238, 0.004605735677918238, 0.019073225577568707, 0.0298627874920918, 0.0298627874920918, 0.0298627874920918, 0.0298627874920918, 0.0298627874920918, 0.0298627874920918, 0.018146297242485825, 0.016459082989565544, 0.0298627874920918, 0.0298627874920918, 0.0298627874920918, 0.017340854123280756, 
0.019869527578688897, 0.019869527578688897, 0.019869527578688897, 0.019869527578688897, 0.019869527578688897, 0.019869527578688897, 0.017157064326304483, 0.019240357677798053, 0.019240357677798053, 0.019240357677798053, 0.019240357677798053, 0.019240357677798053, 0.019240357677798053, 0.019240357677798053, 0.019240357677798053, 0.016601980302475335, 0.045302428604347564, 0.0051689929812494765, 0.019869527578688897, 0.00944113468764438, 
0.01663361116971232, 0.016233156077822514, 0.05164891151804237, 0.05164891151804237, 0.017343050251852, 0.01663361116971232, 0.017257154792419557, 0.030811705529909934, 0.030811705529909934, 0.030811705529909934, 0.016430258133333472, 0.05465299983186831, 0.01703551878673194, 0.04927460563036622, 0.011401850562674384, 0.016564219922712314, 0.01663361116971232, 0.01659341806963419, 0.017343050251852, 0.018307822019839926, 
0.026420434185537245, 0.019001607472268846, 0.038501980034418945, 0.008256250613116495, 0.015528979616231547, 0.038501980034418945, 0.038501980034418945, 0.038501980034418945, 0.038501980034418945, 0.038501980034418945, 0.038501980034418945, 0.038501980034418945, 0.038501980034418945, 0.038501980034418945, 0.038501980034418945, 0.038501980034418945, 0.038501980034418945, 0.038501980034418945, 0.01685973249082161, 0.026420434185537245, 
0.016178863879691516, 0.026919252294683456, 0.01576528841303894, 0.011401850562674384, 0.045275074029663034, 0.016672462141758698, 0.026919252294683456, 0.026919252294683456, 0.016484039900846157, 0.008584623396268077, 0.008584623396268077, 0.008584623396268077, 0.008584623396268077, 0.008584623396268077, 0.008584623396268077, 0.008584623396268077, 0.008584623396268077, 0.008584623396268077, 0.008584623396268077, 0.016430258133333472, 
0.01648023610484171, 0.06746983962864866, 0.016723176855497887, 0.02262957485205578, 0.010506091679060286, 0.017002445242659776, 0.022995032694902027, 0.022995032694902027, 0.022995032694902027, 0.022995032694902027, 0.022995032694902027, 0.022995032694902027, 0.022995032694902027, 0.01677076651310865, 0.03345385940044619, 0.03345385940044619, 0.03345385940044619, 0.01676522023914238, 0.022995032694902027, 0.0179216761513598, 
0.06311339951569757, 0.016057777858555135, 0.027598653045029457, 0.027598653045029457, 0.027598653045029457, 0.027598653045029457, 0.0180892627401124, 0.018065000090874528, 0.012238493280909887, 0.025642975777675693, 0.018065000090874528, 0.016057777858555135, 0.01416928032168643, 0.017939515272174487, 0.019208749299335248, 0.025642975777675693, 0.025642975777675693, 0.025642975777675693, 0.025642975777675693, 0.011419165445837138, 
