0.25642965204236007, 0.25642965204236007, 0.25642965204236007, 0.25642965204236007, 0.018154311649016642, 0.07488653555219364, 0.07488653555219364, 0.07488653555219364, 0.00832072617246596, 0.0037821482602118004, 0.015128593040847202, 0.018910741301059002, 0.25642965204236007, 0.02042360060514372, 0.24357034795763993, 0.014372163388804841, 0.09001512859304085, 0.0030257186081694403, 0.09001512859304085, 
0.2808478425435276, 0.2808478425435276, 0.2808478425435276, 0.2808478425435276, 0.2808478425435276, 0.2808478425435276, 0.2808478425435276, 0.2808478425435276, 0.2808478425435276, 0.2808478425435276, 0.015897047691143074, 0.07645722937168811, 0.07645722937168811, 0.018168054504163512, 0.001514004542013626, 0.016654049962149888, 0.2331566994700984, 0.010598031794095382, 0.01514004542013626, 
0.0174110522331567, 0.24148372445117336, 0.24148372445117336, 0.24148372445117336, 0.24148372445117336, 0.24148372445117336, 0.24148372445117336, 0.24148372445117336, 0.24148372445117336, 0.008327024981074944, 0.05147615442846329, 0.005299015897047691, 0.005299015897047691, 0.24148372445117336, 0.24148372445117336, 0.016654049962149888, 0.28690386071158214, 0.28690386071158214, 0.025738077214231644, 
0.19257012888551933, 0.19257012888551933, 0.01061410159211524, 0.000758150113722517, 0.1023502653525398, 0.1023502653525398, 0.1023502653525398, 0.009097801364670205, 0.006823351023502654, 0.1023502653525398, 0.1023502653525398, 0.01288855193328279, 0.19257012888551933, 0.19257012888551933, 0.015163002274450341, 0.244882486732373, 0.016679302501895376, 0.10917361637604246, 0.0037907505686125853, 
0.05303030303030303, 0.019696969696969695, 0.2606060606060606, 0.2606060606060606, 0.2606060606060606, 0.2606060606060606, 0.024242424242424242, 0.26590909090909093, 0.26590909090909093, 0.26590909090909093, 0.26590909090909093, 0.011363636363636364, 0.00909090909090909, 0.015909090909090907, 0.011363636363636364, 0.09848484848484848, 0.015909090909090907, 0.26590909090909093, 0.025, 
0.015897047691143074, 0.13701741105223317, 0.006813020439061317, 0.012869038607115822, 0.010598031794095382, 0.13701741105223317, 0.13701741105223317, 0.13701741105223317, 0.13701741105223317, 0.13701741105223317, 0.015897047691143074, 0.2664647993943982, 0.2664647993943982, 0.2664647993943982, 0.026495079485238455, 0.20136260408781226, 0.20136260408781226, 0.02195306585919758, 0.06661619984859955, 
0.015174506828528073, 0.014415781487101669, 0.2496206373292868, 0.2496206373292868, 0.2496206373292868, 0.2496206373292868, 0.021244309559939303, 0.19802731411229135, 0.19802731411229135, 0.19802731411229135, 0.19802731411229135, 0.19802731411229135, 0.01896813353566009, 0.2496206373292868, 0.2496206373292868, 0.0037936267071320183, 0.021244309559939303, 0.0204855842185129, 0.07663125948406677, 
0.014383043149129448, 0.19606358819076458, 0.19606358819076458, 0.19606358819076458, 0.031037093111279335, 0.336109008327025, 0.336109008327025, 0.336109008327025, 0.336109008327025, 0.336109008327025, 0.336109008327025, 0.336109008327025, 0.336109008327025, 0.336109008327025, 0.006056018168054504, 0.006056018168054504, 0.024224072672218017, 0.19606358819076458, 0.021196063588190765, 
0.002271006813020439, 0.30507191521574567, 0.30507191521574567, 0.024224072672218017, 0.19454958364875094, 0.19454958364875094, 0.012112036336109008, 0.13247539742619227, 0.00757002271006813, 0.19454958364875094, 0.02043906131718395, 0.015897047691143074, 0.006813020439061317, 0.05147615442846329, 0.012869038607115822, 0.30507191521574567, 0.30507191521574567, 0.012869038607115822, 0.19454958364875094, 
0.2573807721423164, 0.2573807721423164, 0.2573807721423164, 0.018925056775170326, 0.012112036336109008, 0.08402725208175625, 0.08402725208175625, 0.08402725208175625, 0.08402725208175625, 0.018925056775170326, 0.2573807721423164, 0.015897047691143074, 0.21196063588190764, 0.21196063588190764, 0.21196063588190764, 0.02195306585919758, 0.10598031794095382, 0.10598031794095382, 0.010598031794095382, 
0.13096139288417866, 0.13096139288417866, 0.13096139288417866, 0.13096139288417866, 0.008327024981074944, 0.08629825889477669, 0.08629825889477669, 0.08629825889477669, 0.08629825889477669, 0.08629825889477669, 0.08629825889477669, 0.08629825889477669, 0.08629825889477669, 0.08629825889477669, 0.001514004542013626, 0.186222558667676, 0.186222558667676, 0.186222558667676, 0.186222558667676, 
0.029523088569265707, 0.024224072672218017, 0.015897047691143074, 0.000757002271006813, 0.23618470855412566, 0.01514004542013626, 0.09689629068887207, 0.09689629068887207, 0.003785011355034065, 0.028009084027252083, 0.2808478425435276, 0.2808478425435276, 0.2808478425435276, 0.2808478425435276, 0.029523088569265707, 0.23618470855412566, 0.23618470855412566, 0.23618470855412566, 0.014383043149129448, 
0.24677296886864086, 0.012148823082763858, 0.07441154138192863, 0.07441154138192863, 0.07441154138192863, 0.07441154138192863, 0.07441154138192863, 0.07441154138192863, 0.07441154138192863, 0.07441154138192863, 0.07441154138192863, 0.07441154138192863, 0.018982536066818528, 0.24677296886864086, 0.025816249050873197, 0.275626423690205, 0.275626423690205, 0.275626423690205, 0.006074411541381929, 
0.012112036336109008, 0.00984102952308857, 0.00984102952308857, 0.011355034065102196, 0.27403482210446634, 0.27403482210446634, 0.018168054504163512, 0.24072672218016655, 0.24072672218016655, 0.24072672218016655, 0.24072672218016655, 0.009084027252081756, 0.06888720666161999, 0.06888720666161999, 0.012112036336109008, 0.24072672218016655, 0.24072672218016655, 0.018925056775170326, 0.003785011355034065, 
0.28799392097264437, 0.019756838905775075, 0.22112462006079028, 0.22112462006079028, 0.0182370820668693, 0.06231003039513678, 0.00303951367781155, 0.0022796352583586625, 0.06231003039513678, 0.06231003039513678, 0.06231003039513678, 0.02507598784194529, 0.22112462006079028, 0.012917933130699088, 0.28799392097264437, 0.28799392097264437, 0.017477203647416412, 0.09346504559270517, 0.005319148936170213, 
0.014404852160727824, 0.24109173616376042, 0.24109173616376042, 0.018953752843062926, 0.14480667172100076, 0.14480667172100076, 0.14480667172100076, 0.014404852160727824, 0.24109173616376042, 0.24109173616376042, 0.24109173616376042, 0.24109173616376042, 0.24109173616376042, 0.24109173616376042, 0.01592115238817286, 0.21531463229719486, 0.017437452615617893, 0.00530705079605762, 0.000758150113722517, 
0.01753048780487805, 0.10442073170731707, 0.10442073170731707, 0.018292682926829267, 0.019817073170731708, 0.2690548780487805, 0.2690548780487805, 0.019817073170731708, 0.04954268292682927, 0.04954268292682927, 0.04954268292682927, 0.0038109756097560975, 0.004573170731707317, 0.01600609756097561, 0.005335365853658537, 0.028201219512195123, 0.2507621951219512, 0.2507621951219512, 0.2507621951219512, 
0.00530705079605762, 0.25549658832448824, 0.25549658832448824, 0.25549658832448824, 0.022744503411675512, 0.2532221379833207, 0.2532221379833207, 0.019711902956785442, 0.08946171341925702, 0.0037907505686125853, 0.001516300227445034, 0.08946171341925702, 0.011372251705837756, 0.2532221379833207, 0.02122820318423048, 0.25549658832448824, 0.25549658832448824, 0.013646702047005308, 0.07202426080363912, 
0.018250950570342206, 0.2600760456273764, 0.2600760456273764, 0.02129277566539924, 0.21825095057034222, 0.21825095057034222, 0.21825095057034222, 0.21825095057034222, 0.01749049429657795, 0.06920152091254753, 0.06920152091254753, 0.06920152091254753, 0.022053231939163497, 0.21825095057034222, 0.02585551330798479, 0.2600760456273764, 0.02053231939163498, 0.09733840304182509, 0.011406844106463879, 
0.1791951404707669, 0.023538344722854973, 0.22247532270311313, 0.22247532270311313, 0.22247532270311313, 0.22247532270311313, 0.22247532270311313, 0.22247532270311313, 0.22247532270311313, 0.22247532270311313, 0.22247532270311313, 0.22247532270311313, 0.22247532270311313, 0.22247532270311313, 0.019741837509491267, 0.1791951404707669, 0.01366742596810934, 0.1108580106302202, 0.0037965072133637054, 
