0.09001512859304085, 0.02042360060514372, 0.24357034795763993, 0.24357034795763993, 0.0264750378214826, 0.25642965204236007, 0.25642965204236007, 0.018154311649016642, 0.07488653555219364, 0.07488653555219364, 0.07488653555219364, 0.07488653555219364, 0.00832072617246596, 0.009833585476550681, 0.07488653555219364, 0.01739788199697428, 0.02118003025718608, 0.24357034795763993, 0.014372163388804841, 
0.07645722937168811, 0.021196063588190765, 0.2808478425435276, 0.021196063588190765, 0.2331566994700984, 0.2331566994700984, 0.2331566994700984, 0.2331566994700984, 0.2331566994700984, 0.2331566994700984, 0.2331566994700984, 0.2331566994700984, 0.2331566994700984, 0.2331566994700984, 0.003785011355034065, 0.015897047691143074, 0.07872823618470856, 0.000757002271006813, 0.2808478425435276, 
0.000757002271006813, 0.008327024981074944, 0.05147615442846329, 0.011355034065102196, 0.24148372445117336, 0.24148372445117336, 0.24148372445117336, 0.24148372445117336, 0.24148372445117336, 0.24148372445117336, 0.24148372445117336, 0.24148372445117336, 0.24148372445117336, 0.016654049962149888, 0.28690386071158214, 0.01514004542013626, 0.10673732021196064, 0.00984102952308857, 0.28690386071158214, 
0.001516300227445034, 0.0037907505686125853, 0.10917361637604246, 0.018953752843062926, 0.244882486732373, 0.01819560272934041, 0.19257012888551933, 0.19257012888551933, 0.19257012888551933, 0.19257012888551933, 0.02047005307050796, 0.009097801364670205, 0.013646702047005308, 0.015163002274450341, 0.19257012888551933, 0.19257012888551933, 0.19257012888551933, 0.01061410159211524, 
0.26590909090909093, 0.26590909090909093, 0.26590909090909093, 0.26590909090909093, 0.26590909090909093, 0.025, 0.2606060606060606, 0.2606060606060606, 0.2606060606060606, 0.2606060606060606, 0.014393939393939395, 0.05303030303030303, 0.019696969696969695, 0.2606060606060606, 0.024242424242424242, 0.014393939393939395, 0.09848484848484848, 0.00909090909090909, 0.09848484848484848, 
0.005299015897047691, 0.015897047691143074, 0.2664647993943982, 0.026495079485238455, 0.20136260408781226, 0.20136260408781226, 0.02195306585919758, 0.06661619984859955, 0.06661619984859955, 0.06661619984859955, 0.06661619984859955, 0.06661619984859955, 0.01968205904617714, 0.20136260408781226, 0.018168054504163512, 0.2664647993943982, 0.2664647993943982, 0.015897047691143074, 0.13701741105223317, 
0.004552352048558422, 0.022003034901365705, 0.19802731411229135, 0.19802731411229135, 0.012139605462822459, 0.07663125948406677, 0.07663125948406677, 0.07663125948406677, 0.07663125948406677, 0.07663125948406677, 0.005311077389984826, 0.03945371775417299, 0.03945371775417299, 0.03945371775417299, 0.002276176024279211, 0.2496206373292868, 0.2496206373292868, 0.2496206373292868, 0.2496206373292868, 
0.336109008327025, 0.336109008327025, 0.336109008327025, 0.336109008327025, 0.336109008327025, 0.336109008327025, 0.02195306585919758, 0.19606358819076458, 0.19606358819076458, 0.018168054504163512, 0.336109008327025, 0.024224072672218017, 0.000757002271006813, 0.336109008327025, 0.336109008327025, 0.336109008327025, 0.336109008327025, 0.336109008327025, 0.336109008327025, 
0.003785011355034065, 0.006813020439061317, 0.014383043149129448, 0.19454958364875094, 0.021196063588190765, 0.004542013626040878, 0.30507191521574567, 0.30507191521574567, 0.30507191521574567, 0.30507191521574567, 0.00984102952308857, 0.05147615442846329, 0.05147615442846329, 0.006813020439061317, 0.05147615442846329, 0.013626040878122634, 0.30507191521574567, 0.024224072672218017, 0.19454958364875094, 
0.2573807721423164, 0.2573807721423164, 0.2573807721423164, 0.02725208175624527, 0.21196063588190764, 0.21196063588190764, 0.018925056775170326, 0.10598031794095382, 0.10598031794095382, 0.10598031794095382, 0.10598031794095382, 0.010598031794095382, 0.000757002271006813, 0.006813020439061317, 0.10598031794095382, 0.01514004542013626, 0.022710068130204392, 0.2573807721423164, 0.002271006813020439, 
0.20514761544284632, 0.20514761544284632, 0.20514761544284632, 0.20514761544284632, 0.029523088569265707, 0.001514004542013626, 0.011355034065102196, 0.003028009084027252, 0.006056018168054504, 0.011355034065102196, 0.20514761544284632, 0.20514761544284632, 0.20514761544284632, 0.20514761544284632, 0.20514761544284632, 0.018925056775170326, 0.186222558667676, 0.186222558667676, 0.01514004542013626, 
0.2808478425435276, 0.2808478425435276, 0.2808478425435276, 0.2808478425435276, 0.001514004542013626, 0.003028009084027252, 0.23618470855412566, 0.028009084027252083, 0.2808478425435276, 0.2808478425435276, 0.2808478425435276, 0.015897047691143074, 0.001514004542013626, 0.009084027252081756, 0.016654049962149888, 0.2808478425435276, 0.2808478425435276, 0.2808478425435276, 0.028766086298258896, 
0.275626423690205, 0.275626423690205, 0.275626423690205, 0.275626423690205, 0.275626423690205, 0.275626423690205, 0.015186028853454821, 0.0774487471526196, 0.0774487471526196, 0.0774487471526196, 0.0774487471526196, 0.0774487471526196, 0.007593014426727411, 0.02126044039483675, 0.011389521640091117, 0.275626423690205, 0.275626423690205, 0.016704631738800303, 0.24677296886864086, 
0.06888720666161999, 0.06888720666161999, 0.001514004542013626, 0.000757002271006813, 0.24072672218016655, 0.24072672218016655, 0.24072672218016655, 0.02195306585919758, 0.27403482210446634, 0.27403482210446634, 0.27403482210446634, 0.27403482210446634, 0.01514004542013626, 0.006813020439061317, 0.01514004542013626, 0.015897047691143074, 0.27403482210446634, 0.27403482210446634, 0.27403482210446634, 
0.28799392097264437, 0.020516717325227963, 0.22112462006079028, 0.22112462006079028, 0.22112462006079028, 0.22112462006079028, 0.22112462006079028, 0.22112462006079028, 0.22112462006079028, 0.22112462006079028, 0.22112462006079028, 0.22112462006079028, 0.22112462006079028, 0.22112462006079028, 0.02507598784194529, 0.28799392097264437, 0.0022796352583586625, 0.003799392097264438, 0.019756838905775075, 
0.006065200909780136, 0.00530705079605762, 0.14480667172100076, 0.015163002274450341, 0.24109173616376042, 0.24109173616376042, 0.24109173616376042, 0.24109173616376042, 0.24109173616376042, 0.24109173616376042, 0.24109173616376042, 0.24109173616376042, 0.24109173616376042, 0.019711902956785442, 0.21531463229719486, 0.002274450341167551, 0.009855951478392721, 0.07884761182714177, 0.01061410159211524, 
0.2507621951219512, 0.2507621951219512, 0.2507621951219512, 0.2507621951219512, 0.2507621951219512, 0.2507621951219512, 0.2507621951219512, 0.2507621951219512, 0.01753048780487805, 0.10442073170731707, 0.10442073170731707, 0.10442073170731707, 0.10442073170731707, 0.10442073170731707, 0.018292682926829267, 0.2507621951219512, 0.2507621951219512, 0.019817073170731708, 0.0022865853658536584, 
0.011372251705837756, 0.07202426080363912, 0.01819560272934041, 0.25549658832448824, 0.25549658832448824, 0.022744503411675512, 0.2532221379833207, 0.2532221379833207, 0.019711902956785442, 0.08946171341925702, 0.08946171341925702, 0.0037907505686125853, 0.0037907505686125853, 0.08946171341925702, 0.011372251705837756, 0.2532221379833207, 0.016679302501895376, 0.25549658832448824, 0.001516300227445034, 
0.001520912547528517, 0.06920152091254753, 0.022053231939163497, 0.21825095057034222, 0.02129277566539924, 0.2600760456273764, 0.2600760456273764, 0.2600760456273764, 0.2600760456273764, 0.01064638783269962, 0.09733840304182509, 0.09733840304182509, 0.09733840304182509, 0.011406844106463879, 0.0038022813688212928, 0.2600760456273764, 0.02053231939163498, 0.21825095057034222, 0.21825095057034222, 
0.1556567957479119, 0.1556567957479119, 0.1556567957479119, 0.1556567957479119, 0.1556567957479119, 0.009870918754745633, 0.002277904328018223, 0.012148823082763858, 0.019741837509491267, 0.01366742596810934, 0.005315110098709187, 0.01366742596810934, 0.0030372057706909645, 0.1791951404707669, 0.02050113895216401, 0.22247532270311313, 0.22247532270311313, 0.22247532270311313, 0.22247532270311313, 
