0.0015128593040847202, 0.25642965204236007, 0.25642965204236007, 0.25642965204236007, 0.0007564296520423601, 0.09001512859304085, 0.0030257186081694403, 0.01361573373676248, 0.24357034795763993, 0.24357034795763993, 0.019667170953101363, 0.25642965204236007, 0.25642965204236007, 0.02118003025718608, 0.24357034795763993, 0.24357034795763993, 0.24357034795763993, 0.24357034795763993, 0.24357034795763993, 
0.2331566994700984, 0.2331566994700984, 0.0174110522331567, 0.07872823618470856, 0.01514004542013626, 0.008327024981074944, 0.07872823618470856, 0.07872823618470856, 0.013626040878122634, 0.2331566994700984, 0.2331566994700984, 0.2331566994700984, 0.01968205904617714, 0.2808478425435276, 0.2808478425435276, 0.2808478425435276, 0.2808478425435276, 0.015897047691143074, 0.006056018168054504, 
0.28690386071158214, 0.28690386071158214, 0.025738077214231644, 0.10673732021196064, 0.10673732021196064, 0.10673732021196064, 0.10673732021196064, 0.10673732021196064, 0.10673732021196064, 0.025738077214231644, 0.28690386071158214, 0.28690386071158214, 0.0174110522331567, 0.24148372445117336, 0.24148372445117336, 0.24148372445117336, 0.009084027252081756, 0.002271006813020439, 0.005299015897047691, 
0.016679302501895376, 0.02577710386656558, 0.016679302501895376, 0.10917361637604246, 0.00530705079605762, 0.018953752843062926, 0.01819560272934041, 0.003032600454890068, 0.013646702047005308, 0.015163002274450341, 0.19257012888551933, 0.19257012888551933, 0.19257012888551933, 0.19257012888551933, 0.19257012888551933, 0.19257012888551933, 0.19257012888551933, 0.19257012888551933, 0.19257012888551933, 
0.2606060606060606, 0.2606060606060606, 0.2606060606060606, 0.2606060606060606, 0.2606060606060606, 0.014393939393939395, 0.05303030303030303, 0.019696969696969695, 0.2606060606060606, 0.021212121212121213, 0.26590909090909093, 0.26590909090909093, 0.26590909090909093, 0.011363636363636364, 0.09848484848484848, 0.09848484848484848, 0.09848484848484848, 0.00909090909090909, 0.003787878787878788, 
0.02195306585919758, 0.06661619984859955, 0.06661619984859955, 0.06661619984859955, 0.011355034065102196, 0.20136260408781226, 0.018925056775170326, 0.2664647993943982, 0.01514004542013626, 0.005299015897047691, 0.012869038607115822, 0.13701741105223317, 0.13701741105223317, 0.13701741105223317, 0.13701741105223317, 0.13701741105223317, 0.13701741105223317, 0.13701741105223317, 0.014383043149129448, 
0.022003034901365705, 0.19802731411229135, 0.012139605462822459, 0.013657056145675266, 0.01896813353566009, 0.2496206373292868, 0.006828528072837633, 0.006828528072837633, 0.09104704097116843, 0.09104704097116843, 0.014415781487101669, 0.2496206373292868, 0.2496206373292868, 0.2496206373292868, 0.2496206373292868, 0.2496206373292868, 0.2496206373292868, 0.2496206373292868, 0.2496206373292868, 
0.02195306585919758, 0.19606358819076458, 0.012112036336109008, 0.015897047691143074, 0.031037093111279335, 0.006056018168054504, 0.006056018168054504, 0.018925056775170326, 0.336109008327025, 0.336109008327025, 0.336109008327025, 0.336109008327025, 0.336109008327025, 0.336109008327025, 0.336109008327025, 0.336109008327025, 0.336109008327025, 0.336109008327025, 0.336109008327025, 
0.30507191521574567, 0.30507191521574567, 0.30507191521574567, 0.30507191521574567, 0.015897047691143074, 0.05147615442846329, 0.05147615442846329, 0.006813020439061317, 0.013626040878122634, 0.30507191521574567, 0.012869038607115822, 0.19454958364875094, 0.19454958364875094, 0.00757002271006813, 0.13247539742619227, 0.13247539742619227, 0.13247539742619227, 0.004542013626040878, 0.004542013626040878, 
0.018925056775170326, 0.08402725208175625, 0.018925056775170326, 0.018925056775170326, 0.08402725208175625, 0.008327024981074944, 0.005299015897047691, 0.018925056775170326, 0.2573807721423164, 0.2573807721423164, 0.2573807721423164, 0.2573807721423164, 0.02725208175624527, 0.21196063588190764, 0.21196063588190764, 0.21196063588190764, 0.21196063588190764, 0.21196063588190764, 0.21196063588190764, 
0.13096139288417866, 0.008327024981074944, 0.006056018168054504, 0.13096139288417866, 0.13096139288417866, 0.009084027252081756, 0.20514761544284632, 0.018925056775170326, 0.186222558667676, 0.186222558667676, 0.186222558667676, 0.186222558667676, 0.01514004542013626, 0.016654049962149888, 0.186222558667676, 0.186222558667676, 0.186222558667676, 0.186222558667676, 0.023467070401211203, 
0.23618470855412566, 0.23618470855412566, 0.23618470855412566, 0.23618470855412566, 0.028009084027252083, 0.2808478425435276, 0.2808478425435276, 0.2808478425435276, 0.00757002271006813, 0.2808478425435276, 0.2808478425435276, 0.2808478425435276, 0.2808478425435276, 0.2808478425435276, 0.028766086298258896, 0.001514004542013626, 0.00757002271006813, 0.024224072672218017, 0.015897047691143074, 
0.24677296886864086, 0.025816249050873197, 0.004555808656036446, 0.002277904328018223, 0.24677296886864086, 0.24677296886864086, 0.24677296886864086, 0.24677296886864086, 0.24677296886864086, 0.24677296886864086, 0.24677296886864086, 0.24677296886864086, 0.24677296886864086, 0.24677296886864086, 0.24677296886864086, 0.24677296886864086, 0.24677296886864086, 0.24677296886864086, 0.24677296886864086, 
0.27403482210446634, 0.27403482210446634, 0.27403482210446634, 0.01514004542013626, 0.09084027252081757, 0.014383043149129448, 0.003028009084027252, 0.09084027252081757, 0.011355034065102196, 0.27403482210446634, 0.01968205904617714, 0.24072672218016655, 0.24072672218016655, 0.018925056775170326, 0.06888720666161999, 0.06888720666161999, 0.06888720666161999, 0.06888720666161999, 0.06888720666161999, 
0.06231003039513678, 0.0121580547112462, 0.22112462006079028, 0.22112462006079028, 0.22112462006079028, 0.012917933130699088, 0.28799392097264437, 0.28799392097264437, 0.011398176291793313, 0.013677811550151976, 0.012917933130699088, 0.09346504559270517, 0.09346504559270517, 0.0182370820668693, 0.28799392097264437, 0.28799392097264437, 0.28799392097264437, 0.28799392097264437, 0.28799392097264437, 
0.24109173616376042, 0.002274450341167551, 0.019711902956785442, 0.21531463229719486, 0.21531463229719486, 0.013646702047005308, 0.00530705079605762, 0.000758150113722517, 0.01061410159211524, 0.21531463229719486, 0.02122820318423048, 0.24109173616376042, 0.24109173616376042, 0.24109173616376042, 0.24109173616376042, 0.01061410159211524, 0.015163002274450341, 0.018953752843062926, 0.14480667172100076, 
0.2507621951219512, 0.2507621951219512, 0.020579268292682928, 0.028201219512195123, 0.2507621951219512, 0.2507621951219512, 0.0007621951219512195, 0.003048780487804878, 0.01600609756097561, 0.10442073170731707, 0.10442073170731707, 0.10442073170731707, 0.10442073170731707, 0.10442073170731707, 0.10442073170731707, 0.10442073170731707, 0.0022865853658536584, 0.007621951219512195, 0.0038109756097560975, 
0.00530705079605762, 0.019711902956785442, 0.2532221379833207, 0.2532221379833207, 0.2532221379833207, 0.2532221379833207, 0.2532221379833207, 0.2532221379833207, 0.2532221379833207, 0.2532221379833207, 0.2532221379833207, 0.2532221379833207, 0.2532221379833207, 0.2532221379833207, 0.008339651250947688, 0.2532221379833207, 0.2532221379833207, 0.2532221379833207, 0.2532221379833207, 
0.09733840304182509, 0.011406844106463879, 0.09733840304182509, 0.09733840304182509, 0.018250950570342206, 0.2600760456273764, 0.0045627376425855515, 0.02129277566539924, 0.01749049429657795, 0.001520912547528517, 0.022053231939163497, 0.21825095057034222, 0.21825095057034222, 0.21825095057034222, 0.02129277566539924, 0.2600760456273764, 0.2600760456273764, 0.2600760456273764, 0.2600760456273764, 
0.0030372057706909645, 0.02050113895216401, 0.22247532270311313, 0.005315110098709187, 0.019741837509491267, 0.1791951404707669, 0.1791951404707669, 0.01366742596810934, 0.012148823082763858, 0.015186028853454821, 0.010630220197418374, 0.1108580106302202, 0.1108580106302202, 0.1108580106302202, 0.1108580106302202, 0.1108580106302202, 0.1108580106302202, 0.1108580106302202, 0.1108580106302202, 
