0.019667170953101363, 0.25642965204236007, 0.25642965204236007, 0.018154311649016642, 0.07488653555219364, 0.01664145234493192, 0.0030257186081694403, 0.25642965204236007, 0.25642965204236007, 0.25642965204236007, 0.25642965204236007, 0.02118003025718608, 0.24357034795763993, 
0.015897047691143074, 0.07872823618470856, 0.013626040878122634, 0.2331566994700984, 0.2331566994700984, 0.012112036336109008, 0.2808478425435276, 0.015897047691143074, 0.07645722937168811, 0.07645722937168811, 0.018168054504163512, 0.2808478425435276, 0.2808478425435276, 
0.012112036336109008, 0.011355034065102196, 0.24148372445117336, 0.24148372445117336, 0.02195306585919758, 0.28690386071158214, 0.025738077214231644, 0.10673732021196064, 0.10673732021196064, 0.10673732021196064, 0.025738077214231644, 0.28690386071158214, 0.011355034065102196, 
0.015163002274450341, 0.19257012888551933, 0.015163002274450341, 0.244882486732373, 0.016679302501895376, 0.10917361637604246, 0.10917361637604246, 0.10917361637604246, 0.02577710386656558, 0.244882486732373, 0.244882486732373, 0.01819560272934041, 0.001516300227445034, 
0.2606060606060606, 0.2606060606060606, 0.2606060606060606, 0.024242424242424242, 0.26590909090909093, 0.26590909090909093, 0.011363636363636364, 0.09848484848484848, 0.09848484848484848, 0.09848484848484848, 0.004545454545454545, 0.003787878787878788, 0.26590909090909093, 
0.001514004542013626, 0.004542013626040878, 0.2664647993943982, 0.2664647993943982, 0.026495079485238455, 0.20136260408781226, 0.20136260408781226, 0.20136260408781226, 0.20136260408781226, 0.018168054504163512, 0.2664647993943982, 0.2664647993943982, 0.026495079485238455, 
0.02276176024279211, 0.015174506828528073, 0.09104704097116843, 0.09104704097116843, 0.004552352048558422, 0.015174506828528073, 0.09104704097116843, 0.014415781487101669, 0.0037936267071320183, 0.2496206373292868, 0.2496206373292868, 0.2496206373292868, 0.2496206373292868, 
0.19606358819076458, 0.001514004542013626, 0.014383043149129448, 0.006056018168054504, 0.336109008327025, 0.024224072672218017, 0.19606358819076458, 0.021196063588190765, 0.025738077214231644, 0.015897047691143074, 0.19606358819076458, 0.19606358819076458, 0.031037093111279335, 
0.30507191521574567, 0.00984102952308857, 0.013626040878122634, 0.00984102952308857, 0.013626040878122634, 0.024224072672218017, 0.19454958364875094, 0.012112036336109008, 0.014383043149129448, 0.02043906131718395, 0.30507191521574567, 0.024224072672218017, 
0.2573807721423164, 0.015897047691143074, 0.21196063588190764, 0.21196063588190764, 0.02195306585919758, 0.10598031794095382, 0.01514004542013626, 0.022710068130204392, 0.2573807721423164, 0.2573807721423164, 0.018925056775170326, 0.012112036336109008, 0.08402725208175625, 
0.20514761544284632, 0.018925056775170326, 0.186222558667676, 0.186222558667676, 0.186222558667676, 0.001514004542013626, 0.001514004542013626, 0.186222558667676, 0.023467070401211203, 0.20514761544284632, 0.012112036336109008, 0.13096139288417866, 0.01514004542013626, 
0.003028009084027252, 0.00757002271006813, 0.23618470855412566, 0.23618470855412566, 0.23618470855412566, 0.23618470855412566, 0.23618470855412566, 0.23618470855412566, 0.014383043149129448, 0.01514004542013626, 0.011355034065102196, 0.09689629068887207, 0.09689629068887207, 
0.025816249050873197, 0.005315110098709187, 0.015186028853454821, 0.002277904328018223, 0.0774487471526196, 0.009870918754745633, 0.02126044039483675, 0.0774487471526196, 0.011389521640091117, 0.275626423690205, 0.275626423690205, 0.025816249050873197, 0.24677296886864086, 
0.012112036336109008, 0.24072672218016655, 0.018925056775170326, 0.27403482210446634, 0.27403482210446634, 0.27403482210446634, 0.27403482210446634, 0.012112036336109008, 0.09084027252081757, 0.09084027252081757, 0.011355034065102196, 0.012112036336109008, 0.014383043149129448, 
0.012917933130699088, 0.014437689969604863, 0.28799392097264437, 0.019756838905775075, 0.22112462006079028, 0.22112462006079028, 0.22112462006079028, 0.22112462006079028, 0.0182370820668693, 0.06231003039513678, 0.06231003039513678, 0.06231003039513678, 
0.24109173616376042, 0.019711902956785442, 0.21531463229719486, 0.21531463229719486, 0.21531463229719486, 0.017437452615617893, 0.014404852160727824, 0.013646702047005308, 0.07884761182714177, 0.07884761182714177, 0.07884761182714177, 0.01288855193328279, 0.009855951478392721, 
0.018292682926829267, 0.020579268292682928, 0.006097560975609756, 0.006097560975609756, 0.2690548780487805, 0.2690548780487805, 0.2690548780487805, 0.2690548780487805, 0.2690548780487805, 0.018292682926829267, 0.2507621951219512, 0.2507621951219512, 0.2507621951219512, 
0.00530705079605762, 0.019711902956785442, 0.2532221379833207, 0.2532221379833207, 0.2532221379833207, 0.013646702047005308, 0.08946171341925702, 0.02047005307050796, 0.2532221379833207, 0.2532221379833207, 0.2532221379833207, 0.016679302501895376, 0.022744503411675512, 
0.21825095057034222, 0.21825095057034222, 0.21825095057034222, 0.21825095057034222, 0.21825095057034222, 0.012927756653992395, 0.06920152091254753, 0.022053231939163497, 0.02585551330798479, 0.0007604562737642585, 0.011406844106463879, 0.0038022813688212928, 
0.004555808656036446, 0.1791951404707669, 0.023538344722854973, 0.22247532270311313, 0.22247532270311313, 0.015945330296127564, 0.1556567957479119, 0.1556567957479119, 0.1556567957479119, 0.012148823082763858, 0.22247532270311313, 0.22247532270311313, 0.22247532270311313, 
