0.005145533103876181, 0.01315312163190591, 0.01315312163190591, 0.01315312163190591, 0.0030970836325431923, 0.05658428931260402, 0.008193797885331953, 0.016392973130005182, 0.008257412737949634, 0.008257412737949634, 0.017217993321634945, 0.01315312163190591, 0.01315312163190591, 0.01614214936256665, 0.008257412737949634, 0.008257412737949634, 0.008257412737949634, 0.008257412737949634, 0.008257412737949634, 
0.016086150202862252, 0.016086150202862252, 0.017468545423063624, 0.054570254941888205, 0.01663303994955503, 0.014126375612158237, 0.054570254941888205, 0.054570254941888205, 0.01640538264789315, 0.016086150202862252, 0.016086150202862252, 0.016086150202862252, 0.016459082989565544, 0.00952117764699304, 0.00952117764699304, 0.00952117764699304, 0.00952117764699304, 0.01668907238037262, 0.012202289299271852, 
0.009726486059866205, 0.009726486059866205, 0.014618817016352715, 0.0331051058976846, 0.0331051058976846, 0.0331051058976846, 0.0331051058976846, 0.0331051058976846, 0.0331051058976846, 0.014618817016352715, 0.009726486059866205, 0.009726486059866205, 0.01669459346308696, 0.008186672963317465, 0.008186672963317465, 0.008186672963317465, 0.014620177857084938, 0.006803328403226323, 0.011384588109135134, 
0.01751030078769591, 0.014640983531919586, 0.01751030078769591, 0.03140729221611557, 0.011401850562674384, 0.017367148064331976, 0.016672462141758698, 0.008212434271727702, 0.017210281976486674, 0.016658260631813644, 0.02388883454296787, 0.02388883454296787, 0.02388883454296787, 0.02388883454296787, 0.02388883454296787, 0.02388883454296787, 0.02388883454296787, 0.02388883454296787, 0.02388883454296787, 
0.01336734338584649, 0.01336734338584649, 0.01336734338584649, 0.01336734338584649, 0.01336734338584649, 0.019025273454290965, 0.03501895078908092, 0.01804815077933942, 0.01336734338584649, 0.021282165945595437, 0.038051815240815384, 0.038051815240815384, 0.038051815240815384, 0.016537354915986843, 0.08235775995915182, 0.08235775995915182, 0.08235775995915182, 0.014631253749400911, 0.00941252518859091, 
0.017529692044144875, 0.03590589861050451, 0.03590589861050451, 0.03590589861050451, 0.01736633464906015, 0.028815158522648814, 0.018146297242485825, 0.009033570166419274, 0.0182282029421035, 0.011384588109135134, 0.016229546335215773, 0.08613033107906867, 0.08613033107906867, 0.08613033107906867, 0.08613033107906867, 0.08613033107906867, 0.08613033107906867, 0.08613033107906867, 0.016539141618514417, 
0.01839999446268432, 0.02456581282463162, 0.01604559441556685, 0.017223339853555328, 0.016606007916424505, 0.045511223205774706, 0.012954537074334546, 0.012954537074334546, 0.07970883799883761, 0.07970883799883761, 0.01735620886357571, 0.045511223205774706, 0.045511223205774706, 0.045511223205774706, 0.045511223205774706, 0.045511223205774706, 0.045511223205774706, 0.045511223205774706, 0.045511223205774706, 
0.018358207949900028, 0.024322207422804328, 0.01600915476133014, 0.017464691947032783, 0.019510185493048705, 0.012202289299271852, 0.012202289299271852, 0.018987549372895245, 0.03541261843457601, 0.03541261843457601, 0.03541261843457601, 0.03541261843457601, 0.03541261843457601, 0.03541261843457601, 0.03541261843457601, 0.03541261843457601, 0.03541261843457601, 0.03541261843457601, 0.03541261843457601, 
0.061784465130146904, 0.061784465130146904, 0.061784465130146904, 0.061784465130146904, 0.01668907238037262, 0.039232039015283104, 0.039232039015283104, 0.012925117232379206, 0.018010299106496406, 0.061784465130146904, 0.016229546335215773, 0.03547058296445597, 0.03547058296445597, 0.013563659873035995, 0.1057826244043225, 0.1057826244043225, 0.1057826244043225, 0.012300000913408979, 0.012300000913408979, 
0.017340854123280756, 0.06109190709928431, 0.018146297242485825, 0.017340854123280756, 0.06109190709928431, 0.014126375612158237, 0.011384588109135134, 0.018146297242485825, 0.027117770873323965, 0.027117770873323965, 0.027117770873323965, 0.027117770873323965, 0.016292302821500633, 0.018442986795682296, 0.018442986795682296, 0.018442986795682296, 0.018442986795682296, 0.018442986795682296, 0.018442986795682296, 
0.08648131937054741, 0.014126375612158237, 0.012202289299271852, 0.08648131937054741, 0.08648131937054741, 0.014620177857084938, 0.02161445854903175, 0.018146297242485825, 0.026648605250269203, 0.026648605250269203, 0.026648605250269203, 0.026648605250269203, 0.017409622756330963, 0.01915058503196406, 0.026648605250269203, 0.026648605250269203, 0.026648605250269203, 0.026648605250269203, 0.017885194256967295, 
0.05270309463287921, 0.05270309463287921, 0.05270309463287921, 0.05270309463287921, 0.02036396903309477, 0.0746221608531, 0.0746221608531, 0.0746221608531, 0.015252861624089816, 0.0746221608531, 0.0746221608531, 0.0746221608531, 0.0746221608531, 0.0746221608531, 0.018995896740351455, 0.005149428284121356, 0.013563659873035995, 0.020257332910234512, 0.018280103894147512, 
0.02147205582507946, 0.01876967114351656, 0.01049013709792276, 0.0068239915115125074, 0.02147205582507946, 0.02147205582507946, 0.02147205582507946, 0.02147205582507946, 0.02147205582507946, 0.02147205582507946, 0.02147205582507946, 0.02147205582507946, 0.02147205582507946, 0.02147205582507946, 0.02147205582507946, 0.02147205582507946, 0.02147205582507946, 0.02147205582507946, 0.02147205582507946, 
0.004605735677918238, 0.004605735677918238, 0.004605735677918238, 0.017409622756330963, 0.04640353887351922, 0.017316792794998325, 0.008200000608939318, 0.04640353887351922, 0.01574141969477544, 0.004605735677918238, 0.016459082989565544, 0.0298627874920918, 0.0298627874920918, 0.017340854123280756, 0.035189350312418745, 0.035189350312418745, 0.035189350312418745, 0.035189350312418745, 0.035189350312418745, 
0.045302428604347564, 0.01685464268838773, 0.019240357677798053, 0.019240357677798053, 0.019240357677798053, 0.01629120874530398, 0.019869527578688897, 0.019869527578688897, 0.015801227520363493, 0.016467713129078153, 0.01629120874530398, 0.05875293701288147, 0.05875293701288147, 0.01829730289721188, 0.019869527578688897, 0.019869527578688897, 0.019869527578688897, 0.019869527578688897, 0.019869527578688897, 
0.01663361116971232, 0.006813644291631518, 0.017257154792419557, 0.030811705529909934, 0.030811705529909934, 0.016430258133333472, 0.011401850562674384, 0.0031041277954678547, 0.015446566532597263, 0.030811705529909934, 0.016950883619482642, 0.01663361116971232, 0.01663361116971232, 0.01663361116971232, 0.01663361116971232, 0.016233156077822514, 0.016658260631813644, 0.01659341806963419, 0.05164891151804237, 
0.026420434185537245, 0.026420434185537245, 0.018856592805337035, 0.01685973249082161, 0.026420434185537245, 0.026420434185537245, 0.0031206894529131864, 0.008256250613116495, 0.017584495474108466, 0.08338075791298377, 0.08338075791298377, 0.08338075791298377, 0.08338075791298377, 0.08338075791298377, 0.08338075791298377, 0.08338075791298377, 0.006849997576724064, 0.02592376053096155, 0.009469918634862805, 
0.011401850562674384, 0.016484039900846157, 0.008584623396268077, 0.008584623396268077, 0.008584623396268077, 0.008584623396268077, 0.008584623396268077, 0.008584623396268077, 0.008584623396268077, 0.008584623396268077, 0.008584623396268077, 0.008584623396268077, 0.008584623396268077, 0.008584623396268077, 0.014147795438711926, 0.008584623396268077, 0.008584623396268077, 0.008584623396268077, 0.008584623396268077, 
0.06746983962864866, 0.01581324366296453, 0.06746983962864866, 0.06746983962864866, 0.016723176855497887, 0.02262957485205578, 0.010506091679060286, 0.017002445242659776, 0.01677076651310865, 0.0051729237743911105, 0.016033774323067053, 0.022995032694902027, 0.022995032694902027, 0.022995032694902027, 0.018641159426546917, 0.02262957485205578, 0.02262957485205578, 0.02262957485205578, 0.02262957485205578, 
0.00822490569810846, 0.020568835944815633, 0.027598653045029457, 0.011419165445837138, 0.0180892627401124, 0.025642975777675693, 0.025642975777675693, 0.018065000090874528, 0.016057777858555135, 0.03262618698810611, 0.015470023733102344, 0.08059917608686523, 0.08059917608686523, 0.08059917608686523, 0.08059917608686523, 0.08059917608686523, 0.08059917608686523, 0.08059917608686523, 0.08059917608686523, 
