0.008257412737949634, 0.008257412737949634, 0.008257412737949634, 0.008257412737949634, 0.008257412737949634, 0.008257412737949634, 0.008257412737949634, 0.017482986021780184, 0.01315312163190591, 0.01315312163190591, 0.01315312163190591, 0.01740726801136976, 0.03620214698049149, 0.01669640423222637, 0.009398285362284419, 0.016620458224933583, 0.016681965177562687, 0.01315312163190591, 0.016308402267685197, 
0.00952117764699304, 0.00952117764699304, 0.00952117764699304, 0.00952117764699304, 0.0169252199046916, 0.005149428284121356, 0.005149428284121356, 0.032936468225085454, 0.032936468225085454, 0.032936468225085454, 0.032936468225085454, 0.032936468225085454, 0.01742044535278639, 0.00952117764699304, 0.00952117764699304, 0.0169252199046916, 0.016086150202862252, 0.016086150202862252, 0.016086150202862252, 
0.04716712321532366, 0.01574141969477544, 0.008186672963317465, 0.010458372867497559, 0.012925117232379206, 0.008186672963317465, 0.017483790112771316, 0.009726486059866205, 0.009726486059866205, 0.009726486059866205, 0.009726486059866205, 0.009726486059866205, 0.009726486059866205, 0.009726486059866205, 0.009726486059866205, 0.0030994281318865256, 0.011384588109135134, 0.014618817016352715, 0.009726486059866205, 
0.07943514561652597, 0.012944715590578417, 0.07441363066854405, 0.01703551878673194, 0.016345494918786833, 0.012560829482319033, 0.012560829482319033, 0.012560829482319033, 0.016536362370787566, 0.005157236363399781, 0.017367148064331976, 0.012560829482319033, 0.012560829482319033, 0.012560829482319033, 0.012560829482319033, 0.012560829482319033, 0.01751030078769591, 0.014640983531919586, 0.012560829482319033, 
0.01336734338584649, 0.01336734338584649, 0.01336734338584649, 0.01336734338584649, 0.013020814625253258, 0.01680356801357443, 0.008206212730612757, 0.016551671271255716, 0.01747792277426538, 0.038051815240815384, 0.038051815240815384, 0.038051815240815384, 0.038051815240815384, 0.038051815240815384, 0.038051815240815384, 0.038051815240815384, 0.038051815240815384, 0.038051815240815384, 0.038051815240815384, 
0.016229546335215773, 0.01668907238037262, 0.009033570166419274, 0.01836498964390468, 0.028815158522648814, 0.028815158522648814, 0.01640538264789315, 0.03590589861050451, 0.03590589861050451, 0.03590589861050451, 0.03590589861050451, 0.03590589861050451, 0.009405399885647238, 0.005149428284121356, 0.016459082989565544, 0.028815158522648814, 0.028815158522648814, 0.018146297242485825, 0.009033570166419274, 
0.009426808231365708, 0.02037011357830245, 0.02456581282463162, 0.017934488549738465, 0.0481710732941273, 0.0481710732941273, 0.0481710732941273, 0.0481710732941273, 0.011410501435635443, 0.07069157238229049, 0.07069157238229049, 0.07069157238229049, 0.07069157238229049, 0.07069157238229049, 0.07069157238229049, 0.07069157238229049, 0.07069157238229049, 0.005161149289320418, 0.01903447703036309, 
0.024322207422804328, 0.024322207422804328, 0.024322207422804328, 0.024322207422804328, 0.024322207422804328, 0.01600915476133014, 0.034019453867826545, 0.017464691947032783, 0.005149428284121356, 0.024322207422804328, 0.024322207422804328, 0.024322207422804328, 0.024322207422804328, 0.024322207422804328, 0.024322207422804328, 0.024322207422804328, 0.024322207422804328, 0.024322207422804328, 0.017725166296455198, 
0.022659807879578046, 0.012925117232379206, 0.016539141618514417, 0.03547058296445597, 0.016320747765238328, 0.01668907238037262, 0.012925117232379206, 0.039232039015283104, 0.016229546335215773, 0.061784465130146904, 0.061784465130146904, 0.061784465130146904, 0.061784465130146904, 0.018462136007192046, 0.03547058296445597, 0.03547058296445597, 0.03547058296445597, 0.03547058296445597, 0.03547058296445597, 
0.027117770873323965, 0.027117770873323965, 0.027117770873323965, 0.027117770873323965, 0.027117770873323965, 0.018280103894147512, 0.0030994281318865256, 0.006803328403226323, 0.0030994281318865256, 0.017231027381681602, 0.027117770873323965, 0.018280103894147512, 0.013563659873035995, 0.009405399885647238, 0.016292302821500633, 0.018442986795682296, 0.018442986795682296, 0.018442986795682296, 0.018442986795682296, 
0.06346957464259351, 0.06346957464259351, 0.06346957464259351, 0.06346957464259351, 0.016459082989565544, 0.026648605250269203, 0.017885194256967295, 0.02161445854903175, 0.02161445854903175, 0.02161445854903175, 0.02161445854903175, 0.02161445854903175, 0.02161445854903175, 0.02161445854903175, 0.02161445854903175, 0.02161445854903175, 0.02161445854903175, 0.017649994723292352, 0.017409622756330963, 
0.05270309463287921, 0.05270309463287921, 0.012925117232379206, 0.012925117232379206, 0.05270309463287921, 0.020257332910234512, 0.0746221608531, 0.012925117232379206, 0.01915058503196406, 0.0746221608531, 0.0746221608531, 0.0746221608531, 0.018280103894147512, 0.01830343394890778, 0.01830343394890778, 0.01915058503196406, 0.0746221608531, 0.0746221608531, 0.021464724115964756, 
0.019016258428066337, 0.019016258428066337, 0.019016258428066337, 0.019016258428066337, 0.019016258428066337, 0.009433966020455582, 0.005165068157421649, 0.04913820885210443, 0.04913820885210443, 0.017462499363032045, 0.02147205582507946, 0.02147205582507946, 0.02147205582507946, 0.01876967114351656, 0.019016258428066337, 0.019016258428066337, 0.01049013709792276, 0.01777900127381725, 0.05902679218586444, 
0.010458372867497559, 0.035189350312418745, 0.035189350312418745, 0.035189350312418745, 0.01600915476133014, 0.0298627874920918, 0.0298627874920918, 0.018146297242485825, 0.004605735677918238, 0.004605735677918238, 0.016790847674427137, 0.017316792794998325, 0.006803328403226323, 0.017409622756330963, 0.04640353887351922, 0.04640353887351922, 0.01668907238037262, 0.004605735677918238, 0.004605735677918238, 
0.01629120874530398, 0.003111204074636854, 0.017296494810943308, 0.003111204074636854, 0.016601980302475335, 0.016559113073950985, 0.019240357677798053, 0.019240357677798053, 0.019240357677798053, 0.019240357677798053, 0.019240357677798053, 0.019240357677798053, 0.019240357677798053, 0.019240357677798053, 0.019240357677798053, 0.019240357677798053, 0.019240357677798053, 0.01629120874530398, 0.019869527578688897, 
0.05164891151804237, 0.05164891151804237, 0.05164891151804237, 0.05164891151804237, 0.016658260631813644, 0.01663361116971232, 0.01663361116971232, 0.01663361116971232, 0.01663361116971232, 0.01663361116971232, 0.018307822019839926, 0.030811705529909934, 0.030811705529909934, 0.030811705529909934, 0.018306223550773, 0.05465299983186831, 0.05465299983186831, 0.017659494389662404, 0.015446566532597263, 
0.038501980034418945, 0.038501980034418945, 0.038501980034418945, 0.018353087357264354, 0.026420434185537245, 0.019259209328785463, 0.019204063253024588, 0.026420434185537245, 0.019001607472268846, 0.038501980034418945, 0.038501980034418945, 0.0122851338803036, 0.04142997071115869, 0.009469918634862805, 0.014223279103400176, 0.04142997071115869, 0.04142997071115869, 0.04142997071115869, 0.018405500948299437, 
0.008584623396268077, 0.008584623396268077, 0.008584623396268077, 0.008584623396268077, 0.008584623396268077, 0.008584623396268077, 0.014147795438711926, 0.008584623396268077, 0.016178863879691516, 0.026919252294683456, 0.026919252294683456, 0.026919252294683456, 0.01576528841303894, 0.016033429446335946, 0.014147795438711926, 0.045275074029663034, 0.045275074029663034, 0.016430258133333472, 0.026919252294683456, 
0.0051729237743911105, 0.03345385940044619, 0.016033774323067053, 0.022995032694902027, 0.022995032694902027, 0.018641159426546917, 0.01797540373274167, 0.06746983962864866, 0.06746983962864866, 0.06746983962864866, 0.06746983962864866, 0.06746983962864866, 0.06746983962864866, 0.06746983962864866, 0.06746983962864866, 0.06746983962864866, 0.06746983962864866, 0.01581324366296453, 0.01708733785528474, 
0.014404859414471383, 0.06311339951569757, 0.015470023733102344, 0.027598653045029457, 0.019208749299335248, 0.020568835944815633, 0.0180892627401124, 0.025642975777675693, 0.025642975777675693, 0.025642975777675693, 0.017236417560353774, 0.08059917608686523, 0.08059917608686523, 0.08059917608686523, 0.016057777858555135, 0.011419165445837138, 0.08059917608686523, 0.08059917608686523, 0.08059917608686523, 
